Title,News_Type,date,content,url
彭佳嶼捕魚驚見男浮屍 疑富貴角翻覆漁船外籍漁工,社會,2025/12/02 17:39,漁船在彭佳嶼外海作業時，撈到一具浮屍，身上衣物疑似印有印尼國旗。（民眾提供）我國漁船聖凱7號今日上午在彭佳嶼外海作業時，發現撈上來的漁獲中居然有一具男性遺體，依照其衣物及外觀疑似印尼籍漁工，趕緊返航到基隆海巡隊報案。海巡人員目前介入調查中，不排除是日前在富貴角作業時，遭浪襲翻覆的外籍漁工，現仍持續釐清中。聖凱7號船員表示，今日上午在彭佳嶼以西10多海浬處作業時，打開捕魚的網袋，竟發現一具浮屍，頭部已經明顯腐爛，但依照其穿著，推測為印尼籍船員。請繼續往下閱讀...據悉，聖凱7號原預計在外海作業20餘天，因打撈到浮屍後，趕緊將祂送回正濱漁港，交由海巡人員偵辦。聖凱7號漁船打撈到浮屍後，放棄後續作業，趕緊開往正濱漁港，報請海巡人員偵辦。（記者吳昇儒翻攝）熱門賽事、球星動態不漏接    ,https://news.ltn.com.tw/news/society/breakingnews/5265377
轉贈32元電鍋也判貪污？微罪不舉難落實 檢直言心軟不起訴怕害慘自己,社會,2025/12/02 17:35,電鍋轉贈拾荒老婦被依貪污罪判刑3月，判判決理由曝光後，法界認為，法務部應重新正視刑事訴訟法中「微罪不舉」，除可避免浪費司法資源，也能讓檢察官偵辦金額低、社會危害小的案件時，放心選擇不起訴，避免遭人誤認有心縱放。（資料照）北市黃姓清潔隊員好心將價值32元的電鍋轉贈拾荒老婦，士林地方法院今依貪污罪判刑3月、緩刑2年、褫奪公權1年，掀起法界熱議。不具名的檢察官直言，實務上有兩難，法律雖有「微罪不舉」的裁量空間，但為避免社會產生公務員可隨意挪用的錯誤訊號，且擔心遭外界指責縱放，「保險起見」仍依法起訴，並委婉建議法務部重新正視此原則，讓檢察官能放心選擇不起訴，亦可節省司法資源。黃男獲減刑4大關鍵理由包括，自首、全數繳回、行為輕微且價值甚低。不過法官認為，雖黃男行為與犯罪類型相比屬輕微，未造成重大損害，但因其身為公務員，利用職務侵占資源回收物，損害公務廉潔，仍須給予一定刑事制裁，故未再依該條減免，仍依貪污治罪條例中「侵占職務上持有之非公用私有財物」論罪。請繼續往下閱讀...判決理由曝光後，法界認為，法務部應重新正視刑事訴訟法中「微罪不舉」，除可避免浪費司法資源，也能讓檢察官偵辦金額低、社會危害小的案件時，放心選擇不起訴，避免遭人誤認有心縱放。不具名的檢察官對此低調表示，即便案件涉及金額微小，但站在檢方的立場，難以完全忽視。貪污治罪條例原則上是針對公務員圖利行為設計，任何轉贈或挪用行為，都必須審慎評估其法律性與社會影響。該檢察官指出，實務上確實面臨兩難，一方面，檢察官必須依法條追究違法行為，避免社會產生「公務員可隨意挪用」的錯誤訊號；另一方面，若案件金額極小、且沒有明顯損害公共利益，過度追訴可能造成司法資源浪費，甚至被社會批評「法重情輕」。他進一步說明，刑事訴訟法中的「微罪不舉」原則，確實授權檢察官對金額低、社會危害小的案件，可選擇不起訴，以節省國家資源。但在實務操作上，部分檢察官仍擔心外界指責縱放，導致即便是小額案件，也往往依規起訴。他直言：「最怕一時心軟，結果把自己害慘，所以保險起見，還是會依法起訴。」換言之，法律雖有裁量空間，但檢方立場上為維護公務員廉潔與社會信任，即使是價值微小的物品，也需經過審慎評估，確保行為與法規相符，避免發生「錯誤示範」。熱門賽事、球星動態不漏接    ,https://news.ltn.com.tw/news/society/breakingnews/5265372
中油三接遭檢舉浮報工程費 檢廉調11路搜索約談世曦前董事長,社會,2025/12/02 17:33,中油三接遭檢舉浮報工程費，台北地檢署今指揮法務部廉政署、調查局北機站，兵分11路，搜索中油公司、台灣世曦工程顧問公司等，約談民進黨前立委、世曦公司前董事長施義芳等13人。（資料照）中油第3座液化天然氣接收站（三接）第二階段，日前被爆工程涉浮報工程經費逾百億元；台北地檢署今指揮法務部廉政署、調查局北機站，兵分11路，搜索中油公司、台灣世曦工程顧問公司等，約談民進黨前立委、世曦公司前董事長施義芳等13人。據了解，被爆有爭議的主要是「觀塘接收站外推方案之外廓防坡堤新建工程（外推防坡堤工程），該工程2022年4月辦理第1次公告招標，採最有利標決標，預算金額253億餘元，第1次因投標廠商2家未達3家流標。請繼續往下閱讀...中油於6月辦理第2次公告招標，決標方式及預算金額同第1次招標，得標廠商為皇昌營造股份有限公司及泛亞工程建設股份有限公司共同投標團隊，決標金額253億元；未得標廠商為東丕營造公司及馬來西亞商金務大工程公司共同投標團隊，投標金額為252億餘元。鏡週刊日前爆料稱取得檢舉案關鍵錄音檔，內容爆料中油高層曾親自向廠商明示報價太低，還豪氣強調「中油不缺錢」，讓最早規劃僅94億元的第二期外推防波堤工程，經業主方中油至少4度加價，一路灌水至253億元。報導出爐後，中油曾表示，觀塘接收站外推方案之外廓防波堤新建工程採購作業程序中，是委託「台灣世曦工程顧問公司」辦理相關設計、預算編列與招標文件製作。台灣世曦公司依預算編列原則及基準辦理該工程案預算編列概估，期間曾向3家業者訪價並進行公開閱覽程序後，始由中油公司審查概估預算合理，並據以編列招標預算金額，並無原編百億元爆增為253億元情事。北檢日前也接獲匿名檢舉信函，立即指揮廉政署及北機站共同偵辦，經承辦主任檢察官、檢察官密集召開專案會議，蒐集事證，為保全證據，今日發動搜索，全案朝違反政府採購法等罪嫌偵辦。熱門賽事、球星動態不漏接    ,https://news.ltn.com.tw/news/society/breakingnews/5265357
將剛出生女嬰丟下樓致死 生母境遇坎坷獲減刑判3年,社會,2025/12/02 17:29,2023年7月間清晨，屏東市某大樓旁巷子內發現有嬰兒遭棄置。（資料照）柯姓女子將剛出生的女嬰從3樓住處丟下，造成女嬰傷重不治，檢方偵辦後，依殺人罪起訴柯女，由於柯女童年經歷兒虐、成年後經歷婚姻暴力與感情背叛而產生許多創傷，境遇坎坷，屏東地院審酌檢方及縣府等相關意見後，予以減刑，今依殺人罪判刑3年，可上訴。2023年7月間清晨，屏東市某大樓旁巷子內發現有嬰兒遭棄置，警消趕到現場發現1名女嬰全身赤裸躺在路邊，救護人員緊急送醫救治，女嬰因肝臟破裂、頭部血腫等傷重死亡，警方事後查知30多歲柯女是女嬰生母，由於柯女生產後體弱無力，當場逮捕後戒護就醫。請繼續往下閱讀...檢方調查發現，柯女離婚獨居，女嬰疑似從3樓被丟下，發現時臍帶還在，研判剛出生不久，考量柯女身心狀況，檢方以科技設備監控柯女替代羈押，由縣府安置。縣府訪查得知柯女童年經歷兒虐、成年後經歷婚姻暴力與感情背叛而產生許多創傷，因疫情影響工作收入，導致出現退縮、經濟困難等問題。全案經檢方以成年人故意對兒童為殺人罪起訴後，本應交由國民法官審理，但律師認為柯女身心狀況無法承受國民參與審判制度下眾多旁聽民眾檢視壓力，恐對其回歸社會及身心狀況產生不利影響，建議法院以一般程序審理，獲屏東地院裁准，並於今天下午宣判。熱門賽事、球星動態不漏接    ,https://news.ltn.com.tw/news/society/breakingnews/5265343
獨家》「魟魚老師」猥褻5男童拍性影像重判12年 接押庭喊「判太重」,社會,2025/12/02 17:24,有「魟魚老師」稱號的林姓體操社團指導老師，涉嫌猥褻5名男童，甚至拍攝猥褻照欣賞，一、二審均重判12年，林日前上訴最高法院，高等法院今替最高法院召開接押庭，林庭後大喊「判太重」。（記者楊國文攝）有「魟魚老師」外號的林姓體操社團指導老師，涉嫌在寒、暑假營隊以手戳、生殖器磨蹭臀部等方式猥褻5名男童，甚至射精，還在指導體操劈腿時，撥弄男童臀部並拍攝猥褻照，法院審理時，林都認罪，犯案時僅22歲，請求輕判，但新竹地院、高等法院均依加重強制猥褻等罪判林12年徒刑；林上訴三審，高等法院今召開接押庭，以秘密審理方式開庭，林庭後重覆喊叫「判刑太重」，隨即步踏囚車。高院近日做出裁定。法界指出，林男一、二審均重判12年，加上他之前數度被延長羈押的原因，均被認定罪嫌重大、有逃亡之虞，若無意外，高院應該仍會裁定羈押林。請繼續往下閱讀...據了解，林在一審判刑12年徒刑後，僅就「量刑」的部分上訴，高院今年9月30日仍判12年徒刑，因此，林上訴最高法院僅能就「量刑」部分提起上訴。檢方調查，知名國立大學畢業的林男，2023、2024年寒暑假期間，利用在新竹縣擔任學校營隊帶隊老師的機會，在帶領男童遊戲及照顧過夜時，利用男童矇懂無知及對他的信任感，涉嫌對5名未滿11歲的男童強制猥褻共11次。檢方查出，林男在營隊時不僅會用手撫摸男童們的大腿、小腿、肚子及背部，甚至以手指戳肛門、將生殖器磨蹭男童臀部、大腿到射精，甚至在他的手機內發現大量幼童猥褻照及全身照片。新竹地檢署認定，林男涉犯刑法第224條之1加重強制猥褻罪嫌共11罪，兒童及少年性剝削防制條例第36條第1項製造兒童性影像罪1罪，將他起訴。新竹地院審理後，依加重強制猥褻、製造兒童性影像等罪判林男12年徒刑。檢方、林男分別認為判刑過輕或過重，上訴高等法院。檢方上訴指出，5名被害男童年齡介於7至11歲之間，林男為滿足一已私慾，竟分別對5名男童多次強制猥褻，更拍攝性影像，危害程度均嚴重，且從偵查之初否認犯罪，未與被害人家屬和解或賠償，判刑12年太輕。林男則上訴稱，在審理時已坦承犯行，請求考量他是國立大學畢業，犯案時僅22歲，請求從輕量刑。但高院認定一審量刑適當，今年9月30日判決上訴駁回，仍判林12年徒刑。林認為判刑太重，日前上訴最高法院。熱門賽事、球星動態不漏接    ,https://news.ltn.com.tw/news/society/breakingnews/5265356
養生館藏逃逸外籍遊客賣淫 基隆警漏夜逮10多人偵辦,社會,2025/12/02 17:19,警方漏夜逮捕10多名在養生館服務護照逾期的外籍女子。（記者吳昇儒攝）基隆市警察局接獲線報指出，信義區某養生館內暗藏春色，且大多由東南亞籍女子負責「服務」。警方昨日晚間見時機成熟，前往現場逮人，帶回10多名泰、越南籍女子，發現服務小姐多是以觀光名義來台旅遊，卻逾期未歸，藏匿在大樓內。偵辦人員將現場潘姓負責人等人帶回徹夜訊問，全案將朝妨害風化等罪偵辦。據悉，該養生館透過媒介找來泰國、越南等東南亞國籍的女子來台，本持觀光簽證僅能逗留14天，但養生館卻提供住宿，留容這些逾期未歸女子，留在國內服務。此次查獲的小姐平均年齡約在30歲，分為手工、半套、全套性服務，依照客人需求與小姐意願，進行協調。請繼續往下閱讀...基隆市警察局第二分局與基隆專勤隊共組專案小組，昨日晚間前往該養生館，逮捕10多名外籍服務女子及潘姓現場負責人。警詢後，依涉犯妨害風化等罪，將現場的潘姓女負責人移送基隆地檢署偵辦；外籍犯嫌部分，除依法裁罰外，另交由專勤隊進行後續偵辦。警方漏夜逮捕10多名在養生館服務護照逾期的外籍女子。（記者吳昇儒攝）熱門賽事、球星動態不漏接    ,https://news.ltn.com.tw/news/society/breakingnews/5265342
竹縣寄養家庭驚爆虐童!  5歲童被打到顱內出血 躺廁所地板冷血不送醫,社會,2025/12/02 17:11,竹縣寄養家庭徐男長期虐童，5歲童被打到顱內出血，新竹地院判刑。（記者蔡彰盛攝）新竹縣傳出殘忍虐童案!在半導體產業工作且就讀神學院的徐男，長期對受委託照顧的5歲林童施虐毆打，跌倒癱軟時，徐男竟任由孩子躺在冰冷的廁所地板數小時也不送醫，事後被發現顱內出血且有後遺症，新竹地院依成年人故意對兒童傷害罪判刑一年。法官調查，111年就讀神學院且在科技半導體業工作的徐男，經新竹縣政府、新竹市政府審查符合寄養家庭資格，且領有新竹縣政府寄養家庭許可證，當年5月受台灣兒童暨家庭扶助基金會新竹分事務所寄養暨委託照顧林童。請繼續往下閱讀...徐男明知林童僅5歲多，接續於112年2月1日前約2週至1個月期間，在新竹縣住處以不詳方式傷害林童。嗣於112年2月1日下午徐男與林童2人單獨在家時，林童因不明原因頭部受到嚴重撞擊，徐男明知林童已神智不清，仍僅給予冰敷簡易處理，並將林童安置在住處4樓廁所地板上，直到當晚9點才與妻子將林童送醫，經醫師插管後，進行硬腦膜下引流管置放手術，經診斷林童受有左側硬腦膜下出血、左側肋骨陳舊性骨折等傷害。經兒童重症加護科及兒童影像診斷科主治醫師診斷評估，發現林童長期受虐，高度懷疑外力造成腦傷，後遺症嚴重，需長期觀察、服用抗痙攣藥物及復健，而妨害身心健全及自然發育，向警方通報始悉上情。徐男雖矢口否認犯行，但法官發現林童身上陳舊性肋骨骨折，及身上重物壓迫、握拳擊打硬物，及或五指攥捏等特徵性傷痕，均可證明徐男曾反覆對林童施以不當外力成傷，又對重大危險情況未採取適當救護措施，反而長時間延誤送醫，林童因而受有過動症等後遺症，已妨害身心健全。法官審酌徐男受託擔任林童寄養家庭，反而對無自衛能力的孩童不當對待，致林童身上受有多處大小不一瘀傷，並檢出陳舊性肋骨骨折，顯見林童長期處於反覆外力侵害環境，對其身心造成嚴重影響。林童頭部撞擊跌倒後，出現神智不清、身體癱軟等顯著危險狀態，徐男卻未送醫，任由林童躺在廁所數小時，延誤送醫時間，致後續發生左側顳、頂葉硬腦膜下腔血腫、蜘蛛膜下腔出血及顳骨線性骨折等重大顱內損傷，昏迷指數低至6分，其危險性不可言喻。且徐男矢口否認犯行，並以不合理之意外情節卸責，其辯詞矛盾，難以採信，而被害人林童年幼脆弱，頭部受傷後痊癒後仍需定時就醫及復健，對其身心發展造成深遠影響。徐男對林童之侵害，不僅破壞其基本身心安全，更動搖社會共同維護幼童保護的核心價值，最後依成年人故意對兒童犯傷害罪判刑一年。熱門賽事、球星動態不漏接    ,https://news.ltn.com.tw/news/society/breakingnews/5265331
南投防火宣導 虛擬實境體驗滅火更生動,社會,2025/12/02 17:03,南投縣消防局進行防火宣導，提供「虛擬實境滅火器」讓民眾體驗。（南投縣消防局提供）香港宏福苑高樓大火造成慘重傷亡，引發民眾對防火的重視，南投縣消防局2日在埔里鎮展開防火及防範一氧化碳中毒宣導活動，提供「虛擬實境滅火器」讓民眾體驗，以利在火災剛發生時，如何正確使用滅火器滅火。冬季容易失火，也易發生一氧化碳中毒，消防局今在在埔里鎮展開宣導活動，深入住家訪視，協助民眾找出居家安全隱患。消防局火災調查科員陳志彥表示，訪視過程發現仍有住戶在屋內裝置瓦斯熱水器，如通風不良，極易因燃燒不完全產生一氧化碳，應儘速改善。請繼續往下閱讀...陳志彥強調，尤其熱水器務必由「合格燃氣熱水器及其配管承裝業技術士」安裝，同時提醒民眾勿使用逾期未檢驗的液化石油氣鋼瓶，並清除瓦斯爐、熱水器周邊雜物及定期清洗抽油煙機油脂，以免火苗竄燒引發火災，縣民明年汰換老舊危險熱水器，一般住戶每戶補助3000元，低收入戶每戶最高補助1萬2000元，有意申請者可洽各地消防分隊提申請。宣傳活動中，也提供價值約25萬元的「虛擬實境滅火訓練設備」供民眾體驗。民眾戴上VR眼鏡即可在虛擬情境中反覆練習滅火動作，相較過去使用油盤與乾粉滅火器，不僅免除清理麻煩，更兼具環保與安全，讓防火宣導更生動有趣。消防局提醒民眾，冬季門窗緊閉最危險，使用瓦斯器具時務必保持通風、定期檢修，並加裝住宅用火災警報器與一氧化碳偵測器，守護家人安全。埔里防火宣導隊分隊長曾秀月，示範操作「虛擬實境滅火器」。（南投縣消防局提供）埔里防火宣導隊分隊長曾秀月，呼籲民眾勿將熱水器裝室內，避免發生一氧化碳中毒。（南投縣消防局提供）熱門賽事、球星動態不漏接    ,https://news.ltn.com.tw/news/society/breakingnews/5265289
清潔隊員好心送32元電鍋慘換貪污罪！律師：法條應明確「微罪不舉」定義,社會,2025/12/02 17:02,法界認為本案凸顯法律對於「微罪重罰」的爭議，直指貪污治罪條例的重刑設計，並未考量公務員因數十元小物品而被套入重罪的可能。示意圖。（資料照）台北市環保局黃姓清潔員因將回收場取得、價值僅32元的大同電鍋轉贈拾荒老婦，遭依貪污罪起訴，士林地院今判刑3月、緩刑 2年、褫奪公權1年。法界認為，本案凸顯法律對於「微罪不舉」的爭議，直指貪污治罪條例的重刑設計，並未考量公務員因數十元小物品而被套入重罪的可能，同時授權法務部設立「價值門檻」，讓微罪可不追訴，以避免司法資源浪費。曾待過民生、企業金融犯罪專組的前新北檢察官、現為律師的莊勝博受訪表示，公務員廉潔固然是國家追求的重要公益，但在實務上，常出現「有情輕、法重」的現象。他舉例，過去虛報加班費等小額貪汙案件在實務認定上曾出現見解不一，雖然最高檢後來已有統一意見，但類似爭議仍時有所聞。請繼續往下閱讀...所謂虛報加班費案件，指的是公務員在報帳時，將未實際加班或未獲核准的加班費列入申請，涉嫌違法挪用公款。過去這類案件金額通常較小，但在實務上，不同檢察機關對是否起訴、如何量刑，曾出現見解不一，最後則經高檢署統一定調為刑法詐欺罪，而非以貪汙治罪條例處理。莊勝博認為，小額貪污案件固然值得檢討現行法制是否過於嚴苛，但若相關單位認為需要修正，應特別注意規範的「密度」。若僅進行框架性修法，而實務上各類情形差異甚大，仍可能造成個案認定落差過大的問題，難以達到公平一致的裁量效果。律師黃柏榮則表示，修法方向似乎集中在刑度減輕，但為避免浪費司法資源，應授權法務部定期檢視案件的金額與價值範圍。他指出，若低於一定價值的案件可以不追訴，才有助降低類似事件再度發生的可能。現行緩刑制度雖不需入監服刑，但若緩刑期間再犯，緩刑將被撤銷，因此仍無法解決小額案件被追訴的根本問題。黃柏榮進一步指出，貪污治罪條例原本是處理「重大、公務員嚴重圖利」的重罪，法定刑動輒7年、10年起跳，並未設想有人因3、40元小物品就被套進如此重刑。實際上，刑事訴訟法中早已有「微罪不舉」概念，即金額低、社會危害小的案件檢察官可選擇不起訴，以節省國家資源，但仍有部分檢察官擔心被指縱放，往往仍照章起訴以求保險。熱門賽事、球星動態不漏接    ,https://news.ltn.com.tw/news/society/breakingnews/5265294
破獲首例律師結合行員涉詐、台版地面師詐團 獲國家警光獎頒獎,社會,2025/12/02 16:54,警政署今天舉辦年度「114年國家警光獎頒獎典禮」，中場由高雄市原住民警察樂團演唱原住民組曲及「我們都是一家人」歌曲。（記者邱俊福攝）警政署今天舉辦年度「114年國家警光獎頒獎典禮」，共甄選出30個團體及52位個人績優警察同仁獲獎，接受公開表揚，當中台北市警局小隊長林書玄與刑事警察局偵查正李清智，分別偵破首例的律師結合公股銀行行員涉詐與「台版地面師」詐團，打詐績效卓著皆獲獎，其中指揮台版地面師偵辦的主任檢察官鄭少珏更陪同李清智領獎，共享這份殊榮。內政部部長劉世芳致詞時表示，警察同仁非常努力讓自己獲得國人的認同之外，在國際上也越來越獲得認同，包括舉辦非常多的國際論壇，也拜訪了很多國際刑警組織，越來越國際化，而犯罪集團也國際化的同時，我們辦案的腳步不能停歇，需與時俱進。請繼續往下閱讀...獲獎名單中，新北市警察局去年7月至今年6月間，總計檢肅治平對象120人、首惡及成員共749人；查獲各級毒品1700餘公斤；偵破電信網路詐欺集團443件、查緝詐欺犯嫌3969人、查扣不法所得10億2598萬餘元，另防制詐欺共計2618件、成功攔阻總金額計21億5651萬餘元；查獲各類槍枝計81枝，成績斐然，榮獲團體組偵查犯罪類第1名。在個人獎項部分，打擊詐欺類獨占鰲頭的是台北市警察局小隊長林書玄，林員破獲全國首例律師結合公股銀行行員等共組詐欺洗錢集團案件，查扣不法所得逾6000萬元的動產及不動產，且因該案促使主管機關稽核銀行裁罰史上最高2200萬元罰鍰，相關銀行亦主動配合修正多項內控缺失，有效抑制詐欺及洗錢犯罪氣焰。另刑事局偵查正李清智破獲震驚社會的首件台版地面師案，該集團3年詐騙近1點4億元，偽造代筆遺囑詐取獨居老人過世後遺留的房產，經北檢指揮警調偵辦，去年11月起訴44人，對於防制此類不動產詐騙具有重大效果。警政署公共關係室專員蕭建宏則擔任新聞聯絡人，負責新聞媒體聯繫、輿情危機處理工作，肩負政府與民眾溝通及媒體行銷之重責，型塑警察優良形象，有效提升民眾對警察滿意度。典禮中，警政署還邀請專業表演團體開場及進行反黑金槍毒詐宣導，結合科技與舞蹈之展現，讓與會嘉賓享受一場寓教於樂的聲光盛宴；中場由高雄市原住民警察樂團演唱原住民組曲及「我們都是一家人」歌曲，象徵全國警察團結一心共同打擊、對抗犯罪，終場則由歌星向蕙玲壓軸獻唱「友情」等精選國、台語歌曲，在悠揚的歌聲中畫下完美的句點。警政署今天舉辦年度「114年國家警光獎頒獎典禮」，內政部長劉世芳頒獎給團體組獲獎的台中市警局，由局長吳敬田領獎。（記者邱俊福攝）警政署今天舉辦年度「114年國家警光獎頒獎典禮」，中華民國警察之友總會理事長蔡明忠頒獎給團體組獲獎的屏東縣警局，由局長甘炎民領獎。（記者邱俊福攝）新北地檢署主任檢察官鄭少珏陪同刑事警察局偵查正李清智領獎，共享這份殊榮。（記者邱俊福攝）熱門賽事、球星動態不漏接    ,https://news.ltn.com.tw/news/society/breakingnews/5265286
台中公車失控撞拖吊車  3人救出送醫,社會,2025/12/02 16:44,台中客運一輛公車，今天下午3點多行經霧峰中正路，因不明原因衝過中央分隔島，並撞上對向1輛拖吊車，目前傳出2名司機都受困。（記者陳建志翻攝）首次上稿：15:56更新時間：16:44台中客運1輛由陳姓司機（45歲）駕駛的公車，今天下午3點多行經霧峰區中正路，因不明原因突然偏移車道，衝過中央分隔島，並撞到對向1輛由王姓男子（38歲）駕駛的拖吊車，造成陳男和王男都受困駕駛座，公車上並有一名王姓乘客（18歲），經消防人員搶救，先將陳男和王姓乘客救出送醫，王姓司機隨後也被救出脫困，3人送醫後都無生命危險，公車為何會突然失控？將由警方調查後釐清。請繼續往下閱讀...這起事故發生在今天下午3點多，當時陳姓司機（45歲）駕駛台中客運公車，沿霧峰中正路往草屯方向行駛，卻突然失控偏移車道，並衝過中央分隔島，開到對向車道，撞上對向車道由王姓男子（38歲）駕駛的拖吊車。車禍發生後，陳姓司機因雙腳夾住受困駕駛座，王姓司機也受困駕駛座，台中市消防局獲報，立刻出動消防人員到場搶救，在消防然人員以破壞器材救援下，先將陳姓公車司機和王姓乘客（18歲）救出送醫，兩人都意識清楚，無生命危險。消防人員接著也將王姓拖吊車司機救出送醫，王男意識清楚，無生命危險，至於陳姓公車司機為何會失控肇事？警方將進一步調查後釐清。台中客運一輛公車，今天下午3點多行經霧峰中正路，因不明原因衝過中央分隔島，並撞上對向1輛拖吊車，目前傳出2名司機都受困。（記者陳建志翻攝）熱門賽事、球星動態不漏接    ,https://news.ltn.com.tw/news/society/breakingnews/5265193
澎檢破獲今年最大宗大麻走私案 「第13波安居緝毒專案」展成果,社會,2025/12/02 16:28,澎湖地檢署破獲今年最大大麻走私案，重474公斤、市價達14億元。（澎湖地檢署提供）澎湖地檢署破獲今年最大宗大麻走私案，總重474公斤、市價14億元，台灣高等檢察署於今（2）日在法務部調查局舉行「第13波安居緝毒專案暨查獲重大毒品發布記者會」，展現政府強力打擊毒品犯罪成果及決心，行政院長卓榮泰、法務部長鄭銘謙、最高檢察署檢察總長邢泰釗、台灣高等檢署檢察長張斗輝齊聚會場。澎湖地檢署指揮海巡澎湖查緝隊、第八海巡隊、第七岸巡隊、調查局中部機動工作站、澎湖縣警察局刑警大隊、馬公分局、新北市警察局淡水分局、澎湖憲兵隊等單位組成專案小組，經長期縝密蒐證，聯手於海上、岸際查緝，破獲以高姓為首運毒集團，今年8月17日駕駛快艇日月星168至澎湖七美外海接運大麻一批，至裡正角搶灘。請繼續往下閱讀...因專案團隊出海、岸際同步查緝，被告等6人因事跡敗露，海拋大麻逃逸，海巡艦艇立即掌握該快艇航跡，打撈陳姓船長海拋大麻共計799小袋（共計毛重474公斤）後，分裝成40大袋上艇。成功攔阻運毒集團以澎湖為中繼站，企圖轉運大麻至台灣本島牟利。全案所扣得大麻總毛重高達近474公斤，數量驚人，為今年度目前所查獲最大宗大麻運輸案，經專案小組鍥而不捨的進行數波溯源查緝後，近日偵結起訴被告共5人，經台灣高等檢察署列入「第13波安居緝毒專案特殊重大案件」，並由澎湖地檢署檢察長周士榆偕同緝毒團隊為個案報告，受到行政院長卓榮泰等長官肯定及慰勉。澎湖地檢署破獲今年最大大麻走私案，獲得行政院長卓榮泰頒獎表揚。（澎湖地檢署提供）熱門賽事、球星動態不漏接    ,https://news.ltn.com.tw/news/society/breakingnews/5265241
台中消防月曆來了! 帥氣搜救犬同框吸爆目光,社會,2025/12/02 16:21,援救犬Uno及Ring入鏡，帥氣吸睛。（記者蔡淑媛攝）台中市2026年消防形象月曆亮相，今年共有9名男女警消與4位女義消入鏡，其中信義消防分隊的吳遵憲二次入選，還有援救犬Uno及Ring也入鏡，帥氣吸睛。市長盧秀燕今天參加月曆發發表會指出，消防局救難英雄，為了救災把身體練得很精良，都是俊男美女，也提醒大家能注意防災、防火，今年月曆取景也加入台中著名景點，也因為預算有限，不能印太多，民間機構或企業要印的話，可以授予版權，讓防災英雄被看見。請繼續往下閱讀...信義分隊的吳遵憲在2023年曾拍攝防防月曆，2026年再次錄取拍攝，分別擔任1、9份形象人物，每天健身，休假玩水球、衝浪等水上運動，他說，維持好體態及體能，讓消防救災工作更得心應手；4月份的蘇君茹為唯一女性警消，半年減重13公斤，以行動詮釋堅毅與不放棄的女力精神。消防犬Uno及Ring很吸睛，都是4歲犬，分別由洪瑞宏及張憲騰領犬，參加救災工作1、2年，參與今年花蓮救災任務，11月更通過國家MRT搜救犬認證，這是全台最高等級、最接近真實災害的搜救犬檢測，從日夜交替36小時連續任務，5大災害場景模擬、戰術規劃、犬隻急救等，每一項都是對領犬員與搜救犬默契、耐力與專業的極限挑戰。信義消防分隊的吳遵憲二次入選，擔任兩個月份的形象代言。（記者蔡淑媛攝）台中市2026年消防形象月曆亮相。（記者蔡淑媛攝）台中市2026年消防形象月曆亮相。（記者蔡淑媛攝）市長盧秀燕參加消防形象月曆發表會。（記者蔡淑媛攝）熱門賽事、球星動態不漏接    ,https://news.ltn.com.tw/news/society/breakingnews/5265213
柯文哲涉貪案聲請辯論、宣判全程直播  北院合議庭裁定宣判後5日內「公開播送」,社會,2025/12/02 15:56,民眾黨前主席柯文哲。（資料照）台北地方法院審理前台北市長柯文哲等11人涉京華城容積、侵占政治獻金等案，即將於本月11日起進行連續2週的辯論程序，柯文哲日前聲請辯論、宣判程序全程直播；但北院合議庭今依法院組織法、法庭錄音錄影公開播送實施辦法的規定，裁定於宣判後5日內「公開播送」言詞辯論、宣示裁判的錄音、錄影。北院指出，本案涉及重大公共利益，為社會矚目之案件，公開播送未妨害國家安全、公共秩序、善良風俗，對於其他人生命、身體等權益也沒有造成損害之虞，從而准許柯文哲的聲請。請繼續往下閱讀...合議庭指出，依法庭錄音錄影公開播送實施辧法第10條規定，實施公開播送以「完整播送」為原則，考量本案11名被告的起訴事實具相關連性，難以分割，合議庭因此依職權裁定，除了柯文哲，其他當事人、參與人的言詞辯論及裁判宣示，也都公開播送。柯文哲的律團於聲請時主張，司法院所定的「法庭錄音錄影公開播送實施辦法」第12條第1項規定，「公開播送之言詞辯論錄音、錄影，應於該案件裁判宣示或公告後播出」的規定，已僭越修正後法院組織法的立法意旨，不具效力，主張應該「即時直播」。但合議庭認為，這項規定是為了避免法庭錄音、錄影以即時公開播送方式，致使參與訴訟程序者如有正當理由確信公開播送其錄音、錄影，有危害其生命、身體、自由、隱私、財產或嚴重影響審判公平性之情形時，無從為適當處理，致生難以回復損害，因此規定於宣判後播出，以便得以變聲、變像或其他無法直接識別該個人的方式處理。裁定指出，公開播送要點為了避免公開播送的時間延宕過久，同時也規定了最遲應公開播送的時限，為裁判後5日內，已有衡平與公共利益的關係、審判程序的公平性、當事人權益的均衡維護，因此裁定不予直播，而是宣判後公開播送。熱門賽事、球星動態不漏接    ,https://news.ltn.com.tw/news/society/breakingnews/5265171
爬七星山驚見長髮男子全裸 當眾換泳裝自拍嚇壞山友,社會,2025/12/02 15:49,有山友發現一名男子在七星山主峰處露點自拍。（資料照）台北市七星山是知名登山場所，每逢假日就有不少山友會前往該處爬山，不過最近有山友攻上七星山主峰時，赫然在該處見到一名長髮男子，不顧現場眾多山友，居然當眾脫光全裸更換泳衣，還把手機放在自拍棒上自拍，引起眾多山友議論紛紛。據了解，這起事件發生在11月29日早上，當時有山友爬上七星山主峰處，就見到這名男子全身赤裸，拿著自拍棒自拍，隨後還當眾換上泳裝。請繼續往下閱讀...目擊的山友表示，當時許多山友爬上主峰處後打算稍作休息，沒想到就見到這名男子；眾人起先以為是有女子在該處拍寫真集，但是定神一看，這才發現對方是男生，堪稱「山頂上的特別秀」。對此，轄區警方表示，當天並沒有接獲相關報案。不過警方指出，這名男子的行為已經觸犯，依據刑法第234條「意圖供人觀覽，公然為猥褻之行為者」，可處1年以下有期徒刑、拘役或9千元以下罰金。熱門賽事、球星動態不漏接    ,https://news.ltn.com.tw/news/society/breakingnews/5265166
新店碧潭渡船頭驚見浮屍 死者為醫院病患無外傷,社會,2025/12/02 15:23,警消到場搜尋，並將死者打撈上岸。（記者陸運鋒翻攝）新北市新店區碧潭渡船頭今天上午11時許，有民眾在東岸發現一具浮屍，嚇得連忙報案，警消趕抵將其打撈上岸，經勘驗後，發現為醫院病患71歲黃姓男子，由於身上沒有外傷，已排除有外力介入，詳細死因將由檢方相驗釐清。新店警分局調查，死者黃男生前為新店耕莘醫院病患，今上午10時許自行搭乘計程車離院，家屬發現後隨即報案請警方協尋，而黃男上午約11時左右，被發現在新店碧潭渡船頭岸邊載浮載沉，消防局派出2車6人趕抵，將其打撈上岸，但黃男已經沒有生命跡象。請繼續往下閱讀...據指出，經警方鑑識人員到場勘驗後，並未發現有遺書，身上亦無外傷，已排除有他殺之嫌，而黃男手腕戴著醫療病患標籤，已通知死者家屬到場處理，至於詳細死因，仍有待進一步釐清。熱門賽事、球星動態不漏接    ,https://news.ltn.com.tw/news/society/breakingnews/5265137
麻醉醫亂摸病患下體辯「恍神幫蓋被」 入獄1年2月再賠百萬,社會,2025/12/02 15:20,民事法官獲准受害女子所提出的精神慰撫100萬元，理由為林男犯行具有性別歧視性，嚴重破壞醫病關係，刑事審理中反告被害人毫無彌補行動。圖為台北醫學大學附設醫院。（資料照）麻醉科主治醫師林朝順於病患麻醉恢復、意識模糊時觸碰女患者下體，辯稱當天「恍神幫蓋被」，一度承認犯行卻又推翻。受害女子在刑事庭出庭時控訴，林男辯護律師多次羞辱詰問她，導致她曾企圖輕生，幸經律師及時救回。台北地方法院刑事一審以乘機猥褻罪判林男1年2月徒刑，民事部分判賠118萬餘元，全案可再上訴。本案起於，2022年11月25日上午，A女（化名）至台北醫學大學附設醫院接受無痛腸胃鏡檢查，由林朝順進行中深度全身麻醉。檢查結束後，上午10點多，患者被送至恢復室，左側躺臥等待麻醉退去，卻在昏沉中感到下體異常刺激並出現莫名性反應。A女睜眼試圖辨識，僅見一名穿白袍、戴眼鏡、頭髮稀疏、約50至60歲、身高約178公分的男醫師站在簾子外。請繼續往下閱讀...A女當下驚慌失措，即便清醒也只能機械回應護理師提問，未告知陪同家人。隔日，她向北醫投訴遭林男性騷擾；北醫獲報後展開調查，並決議處分林男大過一次、暫停臨床業務三個月、解任主管職，一年內不得擔任主管或臨床教學相關職務，並禁止在檢查單位服務。刑事調查中，林男辯稱，他「只是幫A女蓋被以免著涼」，右手接近腿部可能碰觸身體，並聲稱無輕薄意圖。他質疑A女未即時求助，反控對方恐嚇取財、誣告；辯護律師則主張A女求鉅額賠償，審理中改稱遭手指侵入，說詞前後矛盾。A女去年刑案一審出庭後，自訴遭林男律師詰問而身心受創，8月4日凌晨傳訊向律師訴苦後吞藥輕生，幸經律師即時報案救回。林男反控A女案則全獲不起訴確定。北院一審認定林男趁人之危，在醫療機構內對A女身心造成重大傷害，破壞醫病信任，態度不佳，不認罪且未和解；但因缺乏證據證明手指侵入陰道，僅依乘機猥褻罪判刑1年2月，不予緩刑，全案目前已上訴高院。至於民事部分，A女則求償424萬元，林男依舊喊冤，稱自己曾多年幫臥床父親照護，當天只是「恍神」幫A女蓋被。法官認為，其辯解是在挨告後才提出，事發當下也可請護理師處理，且出庭時責怪A女未即時求助，顯示其辯解基於對理想被害人的刻板印象。法官認定林男有乘機猥褻行為，但無證據支持乘機性交，另指A女求償工作損失270萬元缺乏依據，心理諮商費用120次減為52次，判賠18萬2000元；針對精神慰撫100萬元則獲准，理由為林男犯行具有性別歧視性，嚴重破壞醫病關係，刑事審理中反告被害人毫無彌補行動，導致A女心理創傷迄今仍未恢復。熱門賽事、球星動態不漏接    ,https://news.ltn.com.tw/news/society/breakingnews/5265115
清潔隊員將32元電鍋送拾荒婦判刑 法務部尊重判決,社會,2025/12/02 15:17,法務部。（資料照）黃姓清潔隊員去年因將價值約32元的回收電鍋轉送給拾荒老婦，涉貪污治罪條例被訴，士林地院今判處黃3個月徒刑，緩刑2年，褫奪公權1年；對此，法務部今日表示，尊重法院判決結果及檢察官職權行使。法務部指出，檢察官依據相關事證，以貪污治罪條例相關規定提起公訴，並考量自首、自白及財物金額等有利於被告之減刑事由，請求法院從輕量刑，本部尊重法院判決結果及檢察官依法行使職權。請繼續往下閱讀...針對「小額貪污案件情輕法重」議題，法務部表示前已啟動修法作業，提出貪污治罪條例修正草案；該草案第12條針對小額貪污案件，未來得減輕或免除其刑。若符合要件者，其所受有期徒刑之減輕得減至三分之二，法院亦可依具體個案情節為免除其刑之判決。上開修正草案已於去年5月31日陳報行政院審查，行政院已邀集相關機關召開審查會議，將配合相關修法事宜，賡續推動修法。熱門賽事、球星動態不漏接    ,https://news.ltn.com.tw/news/society/breakingnews/5265125
婦人駕駛休旅車失控撞電桿 車頭毀損人送醫,社會,2025/12/02 14:54,婦人駕駛休旅車失控撞電桿，車頭毀損人送醫。（民眾提供）60歲王姓婦人今天早上7點多駕駛一輛Lexus休旅車行經南和路（121縣道）時，在城北里路段突然間失控，車輛直接撞向路邊電桿，休旅車車頭因此毀損，王女也因猛烈撞擊力道送醫，警方仍在持續釐清案情。轄區通霄警方表示，事發當時王姓婦人駕駛休旅車沿南和路三段西往東，因不明原因不慎自撞路旁電線桿，警方與消防人員獲報到場後，王女向救護人員表示胸口疼痛，由消防人員送醫治療，經調查王婦無飲酒情形，詳細肇事原因尚待釐清。請繼續往下閱讀...民間救難人員到場協助交通指揮，由於車禍後滿地機油，為避免其他車輛行經不慎打滑，救難人員也利用木屑清理。通霄警方呼籲，民眾若身體不適等狀況，請先將車輛停放於路旁，勿繼續行駛以免發生事故；也請民眾駕駛車輛時務必注意路況。熱門賽事、球星動態不漏接    ,https://news.ltn.com.tw/news/society/breakingnews/5265087
吳子嘉指疫苗採購「A了1億美金」 判賠蘇貞昌90萬元確定,社會,2025/12/02 14:52,美麗島電子報董事長吳子嘉。（資料照）首次上稿12:45更新時間14:52禍從口出！美麗島電子報董事長吳子嘉2023年間公開指稱，前行政院長蘇貞昌、前衛福部長陳時中，2020年靠武漢肺炎（COVID-19）疫情期間，透過BNT疫苗採購「A了1億美金」，蘇貞昌、陳時中認為吳的不實指控造成名譽受損，分別提告均求償1000萬元，蘇的部分，一審判吳應賠償90萬元，上訴後，高等法院認定吳未經合理查證，其言論已侵害蘇貞昌名譽且情節重大，今仍判決吳應賠償蘇90萬元，全案確定。至於陳時中求償部分，高院判吳子嘉應賠償200萬元，最高法院日前發回高院更審中；另外，刑事部分，台北院今年9月依誹謗罪判吳6月、另依散佈文字誹謗罪判刑4月，應執行8月徒刑，得易科罰金，吳落得全面皆輸的局面。請繼續往下閱讀...吳子嘉於2022年8、9月，在他開設的「董事長開講」YouTube網路直播節目中，發表行政院疫苗採購的言論稱「如果陳時中買成的話，他就A了我們1億美金，30億台幣」、「陳時中是貪污犯」、「這種錢你也敢A？所以陳時中不要臉到了極點」、「也就是說如果合約成功的話，陳時中到蘇貞昌這一批人他們貪污賺1億美金。」2023年5月20日時，吳子嘉更在「中天互動直播LIVE」節目中稱「我現在講清楚喔，蘇貞昌政府、陳時中部長…A了1億美金」、「白白貪汙了將近30億台幣，那這個承辦人的部長，就是陳時中」、「看到合約之後我們就可以把陳時中相關的長官，通通抓去判刑抓起來」等話。吳的指控引起蘇貞昌、陳時中不滿，分別對吳子嘉起訴求償。陳時中求償1000萬元的部分，審理進度較早出爐，北院判吳子嘉須賠償300萬元，高等法院改判應賠償200萬元。上訴後，最高法院認為應釐清吳屬故意或過失行為，因為攸關判賠金額多寡，廢棄發回更審。蘇貞昌、陳時中亦認為吳子惡意捏造且散播不實言論，對吳提起刑事告訴，北院今年9月判吳應執行8月徒刑，可易科罰金，還可上訴。至於蘇貞昌，也對吳子嘉求償1000萬元，台北地院也判決吳敗訴，須賠償90萬元。吳不服上訴，高等法院認定，吳的言論非僅屬意見表達，且屬不實言論，吳也未經過合理查證，已不法侵害蘇的名譽，且情節重大，一審判決吳應賠償蘇90萬元為有理由，今判決吳上訴駁回確定。熱門賽事、球星動態不漏接    ,https://news.ltn.com.tw/news/society/breakingnews/5264861
8旬翁徘徊中壢社宅、保全報案 暖警靠胸前1物助他回家,社會,2025/12/02 14:35,警方將呂姓老翁帶回派出所休息，並提供溫水與座椅安撫情緒，最後靠其胸前「敬老愛心卡」助他回家。（警方提供）桃園市中壢區一名81歲呂姓老翁，疑似因失智症突發而迷路，上月底在中壢區中山東路的社會1號住宅徘徊，不斷說著「我要回家」，保全人員見狀報案，表示有一名疑似迷途的長者需要協助，中壢警分局龍興派出所獲報趕抵協助，透過老翁胸前的敬老卡順利確認身分，順利連絡家屬帶他返家。龍興所巡佐邱垂政、警員郭彥麟、洪渝勛今（2）日表示，3人到場時呂翁情緒不安、喃喃念著「我要回家」，疑似失智症狀突發，員警趕忙安撫關懷，但過程中發現他重聽，除了無法與員警溝通，也不能清楚表達自身狀況。員警正一籌莫展之際，注意到其胸前掛有「敬老愛心卡」，順利得知呂翁身分，除了聯絡家屬，同時也先將他帶回派出所休息，並提供溫水與座椅安撫情緒。請繼續往下閱讀...家屬接獲通知後趕抵派出所，對警方的及時協助表達由衷感謝，一早發現呂翁不見後就找得焦頭爛額，直到接獲警方電話才放下心中大石，直說，「多虧警方幫忙，真的太感謝了。」中壢警分局長林鼎泰表示，近日日夜溫差大，長者體力易衰退，加上失智症狀不穩定，迷途風險相對提高，提醒家屬務必多加留意。家中如有年邁或易迷途長輩，可考慮佩戴防走失手環、協尋手鍊或智慧定位裝置，同時可至分局偵查隊辦理指紋建檔，以利迷途時警方迅速查識身分、協助返家。也呼籲，若民眾於路邊發現疑似迷途長者，請立即撥打110報案，共同守護長者安全。警方將呂姓老翁帶回派出所休息，並提供溫水與座椅安撫情緒，最後靠其胸前「敬老愛心卡」助他回家。（警方提供）警方將呂姓老翁帶回派出所休息，並提供溫水與座椅安撫情緒，最後靠其胸前「敬老愛心卡」助他回家。（警方提供）熱門賽事、球星動態不漏接    ,https://news.ltn.com.tw/news/society/breakingnews/5265042
日本律師聯合會訪刑事局 交流偵查程序、鑑識技術與運用AI大數據辦案,社會,2025/12/02 14:29,日本律師聯合會參訪團參觀刑事局偵詢室。（記者邱俊福翻攝）日本律師聯合會團長前田裕司率13位律師，以及社團法人臺灣日本刑事法研究學會理事長林裕順等人，昨天參訪刑事警察局，一行人透過現場導覽及座談方式，了解我國司法警察偵查程序運作模式、鑑識技術，以及運用AI大數據科學辦案的成效，進行台、日雙方的司法實務交流。刑事局表示，這次交流座談，還包含偵查實務人員與日本律師就偵查制度、被告人權保障、律師參與偵查程序等相關議題進行意見交換，涵蓋辯護人在場權與接見權的具體運作、科技偵查面臨的新挑戰及跨境犯罪的處理方式，討論內容切合實務。請繼續往下閱讀...參訪日本律師代表則肯定我國對司法人權的保障，竟然在日本無法進行的偵查中律師在場權，在台已實施多年，並詢問是否會降低犯嫌說實話的意願，另我國警方如何面對及司法付出的成本等務實問題，雙方透過討論，增進日方對我國警察實務的理解。熱門賽事、球星動態不漏接    ,https://news.ltn.com.tw/news/society/breakingnews/5265040
天道盟大咖「黑狗」雙腿腳筋遭砍斷  2嫌移送北檢複訊,社會,2025/12/02 14:26,涉嫌砍傷天道盟綽號「黑狗」的重量級賴姓份子的徐姓男子。（記者王定傳攝）天道盟綽號「黑狗」的重量級賴姓份子昨（1）日午間在台北市中華路1家大樓停車場內，被2名年輕刀手伏擊，雙腿挨刀，傷口深可見骨，腳筋被斷，倒地哀嚎。2名嫌犯作案後未離開現場，被據報趕到的萬華分局員警當場逮獲；警詢後今日下午1時許將2人移送北檢複訊，2人皆穿著陳冠希創立的潮流品牌INNERSECT系列「三生萬物」帽T，面對記者詢問2人均不發一語，檢方下午3時40分向法院聲押禁見2人。據了解，天道盟不倒會大哥「寶勝」高寶勝被江湖推稱為「南萬華教父」，10月14日因膽囊癌離世。由於他在萬華一帶擁有很高的輩分和地位，許多意外的糾葛常會莫名找上他背鍋。請繼續往下閱讀...據了解，「寶勝」告別式昨天上午在新北市立殯儀館舉行，期間各方重要黑道份子前往致意。「黑狗」也是在中午時段獨自走入台北市中華路一段某大樓地下停車場時，突然遭背後尾隨的2名年輕人揮刀砍刺，10多刀全部朝他下半身劃刺，「黑狗」雙腿腳筋全斷裂，刀傷可見骨，「黑狗」趴在地上哀嚎不已；警方不排除是「寶勝」的小弟發動報復，全案現仍深入調查中。涉嫌砍傷天道盟綽號「黑狗」的重量級賴姓份子的王姓男子。（記者王定傳攝）熱門賽事、球星動態不漏接    ,https://news.ltn.com.tw/news/society/breakingnews/5265016
桃市1至11月取締不停讓行人18935件 警方：違規肇事將加重裁罰,社會,2025/12/02 14:19,桃園市警局執行車不停讓行人違規取締，在路口攔查違規騎士。（記者余瑞仁翻攝）為洗刷行人地獄污名，桃園市警局今年1月至11月間取締「不停讓行人」違規共1萬8935件，較去年同期增加逾1成，行人交通事故大幅減少13.7%。警方說，顯示執法確實有效提升行人安全。警方提醒，立法院已於今年10月28日三讀修正道路交通管理處罰條例（待行政院公布實施日期），修法加重車輛不暫停讓行人肇事致人受傷的罰鍰，由原先7200元提高至1萬8000元；肇事致行人重傷或死亡一律處最高3萬6000元罰鍰，並吊銷駕照，請民眾務必遵守交通規則，共同提升自身及行人安全通行環境。請繼續往下閱讀...桃園市政府警察局統計，為推動多元交通安全、擴大行人友善環境及展現對行人安全執法決心，警方從今年1月1日起至11月30日，取締「路口不停讓行人」計1萬8935件，較去年同期取締1萬7112件，增加1823件，增幅10.65%；而1至11月間行人交通事故發生1514件，較去年同期發生1753件，減少239件，降幅達13.7%，顯示執法作為有效提升行人道路交通安全。桃園市警局也自11月1日起展開為期一個月的「行人交通安全大執法」，針對不停讓行人及行人違規加強取締，1個月內共取締4158件，較去年同期取締件數增加一倍，而11月行人事故也較10月下降8.16%。警方表示，11月間也於各集會場所進行交通安全宣導99場次，宣導車輛駕駛人養成「行人優先」及「停讓行人」習慣；道路交通工程方面，桃園市府交通局持續推動行人步行環境防護計畫，包含行人友善區、組合式減速平台、路段阻隔設施、行人安全設施、放大版行人專用號誌等，藉以引導駕駛人減速行駛，提升對行人的注意力，以打造安全的行人步行環境。桃園市警局執行車不停讓行人違規取締，在路口架設錄影器材蒐證。（記者余瑞仁翻攝）熱門賽事、球星動態不漏接    ,https://news.ltn.com.tw/news/society/breakingnews/5265007
南方澳漁港發現浮屍 查出是昨晚離家78歲婦人,社會,2025/12/02 14:13,南方澳傳出78歲婦人落海身亡，海巡署人員打撈上岸後報請檢察官相驗調查死因。（圖由讀者提供）宜蘭縣南方澳第二漁港今天（2日）被發現一具浮屍，海巡署人員打撈上岸，查出住在南方澳的78歲陳姓婦人，家屬指稱，陳婦昨晚獨自外出後未再返家。遺體被送到員山福園（宜蘭縣立殯葬管理所），報請檢察官相驗調查死因。海巡署今天上午8點接獲報案，直指南方澳第二漁港有具遺體漂浮，會同宜縣消防局及警方打撈上岸，循線查出死者身分，通知家屬指認。請繼續往下閱讀...家屬表示，陳婦昨天深夜外出，疑似行動不便落海，不過，事發原因仍待檢警進一步調查釐清。熱門賽事、球星動態不漏接    ,https://news.ltn.com.tw/news/society/breakingnews/5265020
內幕曝光！天道盟「黑狗」被砍斷腳筋 起因是5年前小弟酒醉亂嗆聲,社會,2025/12/02 14:03,警方到場時，徐嫌、王嫌在場沒有落跑。（記者王冠仁翻攝）綽號「黑狗」天道盟賴姓大哥，昨天在台北市一處停車場被20歲徐姓男子、25歲王姓男子持刀攻擊、雙腳腳筋被砍斷；徐男自稱是已故天道盟大哥高寶勝義子，高生前跟賴有糾紛，為了討回公道才犯案。據悉，5年多前，賴拿下一處土方工程，高一名綽號「千心」的白姓小弟不滿，喝醉去跟賴嗆聲，賴以為是高派白找碴，氣得找人把高揍了一頓，雙方自此結下樑子。警方調查，徐、王兩人不知透過何種方式掌握了賴姓大哥的行蹤，在昨天中午近12時跑到台北市漢口街一處大樓內的停車場埋伏。下午1時48分，賴男搭電梯到停車場，走到繳費機前要繳停車費時，埋伏許久的王男朝他噴辣椒水，隨後再以環抱方式控制他行動，在旁的徐男隨即拿出一把刀朝他雙腳揮砍攻擊。請繼續往下閱讀...由於徐犯案後自行打電話報警，轄區警方隨即趕到，將仍停留在現場的徐、王逮捕，並查扣他們使用的兇刀與辣椒水。警方事後報請檢方指揮偵辦，並在今天下午將兩人依重傷害罪嫌送辦。知情人士透露，雙方衝突起因是5年多前，賴姓大哥拿下台北市環南市場改建的土方工程，由於該處就是人稱「南萬華教父」、天道盟不倒會大哥「寶勝」高寶勝地盤，高旗下一名綽號「千心」的白姓小弟對此不滿，認為賴拿下工程卻沒有向高「拜碼頭」，白某次喝醉、在沒有告知高的情況下，就自己跑去向賴嗆聲。雖然道上兄弟大多知道，高寶勝平時作風低調、鮮少因為利益與人起衝突。賴被白嗆了以後，認為是高在幕後指使，吞不下這口氣，不久後就找人把高揍了一頓，高當時被多名惡煞圍毆，傷勢嚴重，還因此住院一段時間。據悉，高事後查清事情來龍去脈，發現自己莫名其妙被揍了這一頓，曾經四處想找賴出來談判；賴疑似自知理虧，避不見面，一躲就躲到高病逝，沒想到他在高出殯當天，被高的小弟埋伏攻擊。警方說，雖然賴傷勢沒有生命危險，但充滿濃厚警告意味，警方目前已經透過管道約制雙方，全面壓制，避免演變成幫派火拚尋仇。熱門賽事、球星動態不漏接    ,https://news.ltn.com.tw/news/society/breakingnews/5264989
澎湖好行公車與機車車禍騎士輕傷 疑似紅綠燈故障惹禍,社會,2025/12/02 14:02,機車騎士車禍倒地，公車司機守候在旁並撥電話報警。（民眾提供）連接澎湖機場與馬公商港的空港快線-澎湖好行公車，今（2）日傳出與機車發生車禍，所幸機車騎士僅受到輕傷，但因時值上班上課交通尖峰時段，又位於交通要衢，一度引發往來民眾及車輛圍觀，影響交通，所幸警方派員現場維持交通秩序。馬公警分局調查指出，今日上午6時46分許，馬公市水源路與北辰街岔路口，由翁姓男子（77年次）駕駛普重機車，由第三漁港往北辰市場方向行駛，行至肇事地點，與高姓男子（73年次）駕駛營業大客車，沿水源路由郊區往市區方向行駛發生碰撞，造成翁手部受傷、腦部受傷，送部立澎湖醫院就醫。請繼續往下閱讀...澎湖縣政府消防局上午6時44分接獲民眾報案指稱，馬公市中華路、北辰街口（自由塔前）有機車與公車發生交通事故，請求派遣人車救護。消防局獲報後，立即出動馬公分隊救護車共1車2人前往救護。勤務人員到達現場後回報，現場係一輛公車與機車發生相撞事故，翁姓機車騎士（男、37歲、住高雄市）頭部紅腫、背部及右手擦傷、意識清楚、經救護人員處置後，送衛生福利部澎湖醫院就醫。根據警方派員前往現場進行酒測，發現雙方駕駛皆無飲酒，疑似因現場紅綠燈交通號誌故障，雙方在會車時未注意來車，造成車禍，詳細肇事原因，刻由馬公警分局交通分隊進行調查，釐清車禍肇責。熱門賽事、球星動態不漏接    ,https://news.ltn.com.tw/news/society/breakingnews/5264992
法官努力減刑！ 清潔員送32元電鍋行善遭控貪污 判決理由曝光,社會,2025/12/02 13:59,台北市北投區黃姓清潔隊員去年將工作時清運到的電鍋送給老婦，涉貪污治罪條例被起訴，今（2）早法院宣判徒刑3月、緩刑2年，褫奪公權1年，可上訴。清潔隊垃圾車示意圖。（記者蔡愷恆攝）北市黃姓清潔隊員因處於熱心，將從資源回收廠的32元電鍋轉手贈與拾荒老婦，本意是希望對方可以煮飯過日子，但卻遭到隊上檢舉，並被依貪污罪起訴。士林地方法院審理認為，黃男雖犯職務侵占，但因「自首、全數繳回、行為輕微且價值甚低」，經多次減刑後，今上午判刑3月、緩刑2年，褫奪公權1年，僅科短期自由刑並宣告緩刑，以維持公務員廉潔之最低要求。全案可再上訴。判決指出，黃男自1990年起任北市環保局清潔隊員，負責垃圾清運及資源回收。去年7月26日傍晚，他於北投資源回收轉運站内，擅自拿取資源回收車上的大同電鍋，載回住處後確認可使用，隔天再轉贈他人；經法院認定具備「意圖為自己不法所有」之犯意。請繼續往下閱讀...根據貪污治罪條例第6條第1項，黃男行為已構成「侵占職務上持有之非公用私有財物罪」。法院指出，黃男在偵查機關尚未知悉前主動自首，並繳回全部所得，依貪污治罪條例第8條第1項可減輕或免除其刑，但仍因其公務員身分與行為影響，不予免除。判決也提及，減刑的關鍵理由為，電鍋價值僅32.56元，行為與犯罪類型相比屬輕微，未造成重大損害，遂依法再減輕其刑；惟考量其公務員身分及影響，法院認仍應科刑，不予免除刑罰。因同時具多項減刑事由，採「遞減」方式計算，依規定可減3分之2以下。至於是否適用刑法第59條「情狀可憫恕」規定？法院審理後認為，雖黃男有可憫恕情狀，然其身為公務員，利用職務侵占資源回收物，損害公務廉潔，仍須給予一定刑事制裁，故未再依該條減免。北市清潔隊員撿電鍋送老婦判褫奪公權1年 環保局長：保障同仁工作權熱門賽事、球星動態不漏接    ,https://news.ltn.com.tw/news/society/breakingnews/5264994
第13波安居緝毒專案20天逮1969人 搗工廠、分裝及植栽場74處,社會,2025/12/02 13:58,調查局新北市調查處攻堅製毒工廠，逮捕徐、范、馬等3嫌，查獲依托咪酯固態結晶成品及硫基依托咪酯等製毒原料，這也是全台第1座製造依托咪酯工廠。（記者陸運鋒翻攝）高等檢察署統合檢察、調查、警察、海巡、憲兵、關務等6大緝毒系統，於今年10月7日至10月26日執行第13波安居緝毒專案，全面打擊大麻、愷他命及依托咪酯等新興毒品，本次專案共查獲嫌犯1969人，查扣各級毒品達407.4公斤，破獲製毒工廠、分裝場、植栽場共74處，成果豐碩。高檢署今上午在法務部調查局舉行「114年第13波安居緝毒暨重大毒品案件」記者會，由行政院長卓榮泰親臨聽取簡報及慰勉有功人員，政務委員林明昕、發言人李慧芝、法務部長鄭銘謙、海洋委員會主任委員委管碧玲、內政部次長吳堂安、財政部次長謝鈴媛、最高檢察署檢察總長邢泰釗均應邀與會。請繼續往下閱讀...卓榮泰強調，反毒工作需靠緝毒、驗毒、戒毒、識毒等跨領域、跨部會的合作，進而掌握新興毒品趨勢，而相關主管機關應注意違禁品列管毒品速度、加強罌粟花種子等毒品走私查緝，對於網路購物平台應加強管制。卓榮泰指出，對於青少年的保護，應針對電子煙等施用工具及新興毒品嚴查究辦，強力打擊溯源藥頭，至於全民反毒教育要分齡、分眾，全面強化識毒能力，讓國人免於毒品的危害，展現政府對毒品「零容忍」的決心。至於本次專案聚焦查緝依托咪酯類、愷他命新興毒品，共查獲製造、販賣、運輸依托咪酯類、愷他命毒品472人，佔全部製販運毒品犯罪者62.4%；依托咪酯工廠（含分裝場）70處，佔本次查獲製毒工廠、分裝場、植栽場比率高達 94.6%，另打擊校園及青少年毒品來源部分，則掃蕩社區藥頭205人。其中，桃園地檢署指揮調查局新北市調查處，待徐嫌等人進入製毒工廠後，專案小組即強勢攻堅，逮捕徐、范、馬等3嫌，查獲依托咪酯固態結晶成品及硫基依托咪酯等製毒原料，以及分液漏斗、攪拌器等製毒器具，經溯源後將參與製毒的黃、呂嫌拘提到案，查扣不法所得48萬4000元，這也是全台第1座製造依托咪酯工廠。此外，台中地檢署指揮憲兵指揮部、台中市警察局等單位，查獲台灣首例栽種第二級毒品罌粟花及製造第一級毒品嗎啡案，共計查獲罌粟花植株70株、罌粟花種子、含嗎啡成分罌粟花酒1桶（6.62公斤）、罌粟花頭1包及各項栽種設備。台中地檢署指揮憲兵指揮部等單位，查獲台灣首例栽種第二級毒品罌粟花及製造第一級毒品嗎啡。（記者陸運鋒翻攝）調查局查獲全台第一座製造依托咪酯工廠，扣得先驅原料「2-巰基依托咪酯」成分之「黑水」共4桶等物。（記者陸運鋒翻攝）熱門賽事、球星動態不漏接    ,https://news.ltn.com.tw/news/society/breakingnews/5264975
北市清潔隊員撿電鍋送老婦判褫奪公權1年 環保局長：保障同仁工作權,社會,2025/12/02 13:35,台北市北投區黃姓清潔隊員去年將工作時清運到的電鍋送給老婦，涉貪污治罪條例被起訴，今（2）早法院宣判徒刑3月、緩刑2年，褫奪公權1年，可上訴。清潔隊垃圾車示意圖。（記者蔡愷恆攝）台北市北投區黃姓清潔隊員去年將工作時清運到的電鍋送給老婦，涉貪污治罪條例起訴，今（2）早法院宣判徒刑3月、緩刑2年，褫奪公權1年，可上訴。環保局長徐世勲受訪表示，昨判決前已經先請北投區清潔隊長特別關心同仁心理狀況，也強調將會保障同仁工作權。環保局也強調，緩刑2年，根據環保局職工工作規則規定，不影響隊員的工作權益。黃姓隊員昨在北投區清潔隊長關心時表示，由於擔心判決結果影響心情，今日先請假休息，也透過分隊表達不願受訪。至於黃姓隊員擔心的工作問題，徐世勲表示，清潔隊員屬於職工，非公務員，工作上就不會受到影響，並會保障他的工作權。請繼續往下閱讀...環保局表示，職工工作規則及SOP即有相關規定，平日也有加強宣導勿任意私取資收物。黃姓清潔隊員平日工作態度良好，且已經服務長達30多年，環保局後續會加強輔導並多照看其身心狀況。除法院判決外，環保局行政處分經職工考核委員會討論後，決議處隊員一小過。熱門賽事、球星動態不漏接    ,https://news.ltn.com.tw/news/society/breakingnews/5264950
板橋「垃圾市」破天九牌賭場逮21人 查扣69萬賭資、毒品,社會,2025/12/02 13:32,新北市警方在板橋垃圾市場內破獲天九牌賭場。（記者吳仁捷翻攝）新北市板橋區俗稱「垃圾市」的傳統市場地下室驚傳私設賭場，且門禁森嚴、且只開放熟客進入，警方晚間趁休市破門攻堅，逮獲3名賭場嫌犯、18名賭客，查扣69萬元賭資、4萬元抽頭金，查扣賭具、監視器等賭具，更查獲俗稱喪屍煙彈的依託咪酯等毒品，一舉搗破天九牌大賭場。新北市警察局接獲情資，中興路垃圾市場中暗藏天九牌賭場，前、後門設置監視器，監控外部動靜，且門禁森嚴、只供熟客進入，警方蒐證後報請搜索票獲准，1日晚間持搜索票攻堅。請繼續往下閱讀...警方查獲許嫌經營天九牌職業賭場，選在市場一處店面地下室當賭場據點，賭場還設有二道門禁，還有人把風及裝設監視器，使得查緝本案相當困難，警方攻堅衝入賭場，大喊不准動，賭場嫌犯及賭客們驚慌失措，賭客大喊「才要翻本又被抓」，員警當場逮獲53歲許姓主嫌、把風55歲謝嫌及清注29歲林男，及場內18名賭客，警詢後將許男等3人依賭博罪嫌送辦，18名賭客依社會秩序維護法裁罰。新北市警方破獲天九牌賭場，查獲71萬元賭資、賭具，逮獲賭場主嫌、從犯及賭客共21人。（記者吳仁捷翻攝）熱門賽事、球星動態不漏接    ,https://news.ltn.com.tw/news/society/breakingnews/5264945
驚！工人坐吊車綁模板從4層樓垂降還扮牛仔馴馬 雇主要被罰了,社會,2025/12/02 13:16,工人坐在模板上，隨吊車從約4層樓高處垂降到地面。（取自「社會事新聞影音」）近日網路流傳一段影片，一處工地有工人坐在吊車綁著的模板上，從約4層樓高的高空垂降到地面，過程中工人沒有任何防護措施，還像牛仔馴馬一樣前後搖晃模板嬉戲；經調查該處工地位於屏東縣政府負責的「屏東熱帶農業特色產業園區」興建工程內，縣府表示，廠商已將此人調離工區，後續將進行裁罰，並加強督促管理。勞動部南區職安中心今（2）日上午派員到場調查，後續將依職安法對承攬廠商、吊車行開罰3萬至30萬元。該段影片在社群平台「社會事新聞影音」流出後，引起廣大議論，勞動部職業安全衛生署南區中心據報後，確定地點在屏東縣長治鄉，為開闢中的「屏東熱帶農業特色產業園區」內的污水處理構造物工程，今（2）日上午立即派員前往稽查，影片拍攝時間在11月27日，目前吊車已經不在現場。請繼續往下閱讀...勞動部南區職安中心技正林春陽表示，經初步了解，該案承攬廠商是一家環保工程公司，該公司再將模板工程交付給另一個承攬商執行，該承攬商結構體做得差不多了，為把模板清運吊離現場，又去請吊車工程行來作業；影片所攝當天，吊車司機自己開吊車來，然後那位模板工程的工人貪圖方便，就有如影片所見的行為。勞動部南區職安中心表示，該案涉及到的事業單位，應該共有3個，包括環保工程公司、模板公司、吊車工程行，原則上應該都會給予處罰，有兩個面向，第一包、第二包業者應負承攬管理責任，可依違反職安法第27條、26條，開罰3萬至15萬元，另外，吊車不得搭載人員，吊車行設備違規使用部分，依職安法第6條第1項的違規，可開罰3萬至30萬元。雇主應負教育勞工之責。屏東縣政府農業處則說明，在吊車模板上嬉戲的工人，廠商已將此人調離工區，該案是由縣府負責的工區，後續會依職安衛相關法規裁罰，也會針對廠商扣款，如此行為不可取，將加強工地 督導和管理，也請承攬廠商加強相關教育訓練和督促，避免相關事情再發生。工人坐在模板上隨吊車垂降到地面，令人捏把冷汗。（取自「社會事新聞影音」）工人坐在模板上隨吊車垂降到地面，過程中還如牛仔馴馬般前後搖晃嬉戲。（取自「社會事新聞影音」）熱門賽事、球星動態不漏接    ,https://news.ltn.com.tw/news/society/breakingnews/5264926
「送老婦32元電鍋」涉貪起訴 兢兢業業34年清潔員一審宣判,社會,2025/12/02 13:09,台北市黃姓清潔隊員涉嫌將殘值不到33元的回收電鍋轉送給拾荒老婦，被檢舉後依違反貪污治罪條例起訴，士林地院今宣判。清潔隊垃圾車示意圖。（資料照）首次上稿 11:24更新時間 13:09台北市黃姓清潔隊員服務近34年，去年因將價值約32元的回收電鍋轉送給拾荒老婦，被檢舉後移送政風單位，檢方依貪污罪嫌起訴。情節經媒體曝光後引發社會譁然，社會輿論普遍認為「立意良善卻遭控圖利」，掀起對司法比例原則的熱議；士林地方法院今（2）日宣判，判有期徒刑3月緩刑2年，褫奪公權1年，全案可再上訴。請繼續往下閱讀...回顧本案，北投區清潔隊去年接獲內部通報，指稱有同仁私下將回收電鍋取走，經調閱影像後，確實發現黃姓隊員於去年7月26日傍晚，從資源回收車上取走電鍋。黃男坦承取走電鍋，並澄清是轉送給拾荒老婦，隊上遂依規定簽報政風單位處理。黃男遭訴後，主動向廉政官坦承犯行，並繳回帶走的電鍋。檢方調閱筆錄、監視畫面及環保局勤務規範後，雖認定電鍋殘值僅剩32.56元，但依職務上占有非公用私有財，仍涉嫌觸犯貪汙治罪條例，並建請法院酌減刑度。士院今年9月開庭審理，黃男庭後受訪時忍不住落淚，表示當時只是覺得東西（指電鍋）還能用，乾脆送給一名拾荒老婦，好讓她能煮飯過日子，「但沒想到會弄得這麼嚴重」。本案經媒體曝光後，北投區清潔隊長卓昕岑當時回應，該名隊員在職長達34年，平時做事中規中矩，隊上曾安慰他，類似案例過往多未達須入獄程度；他也補充，「轉送婦人一事是黃男自述」，局方不清楚細節。北市環保局長徐世勲則強調，資源回收物收集後即屬市府資產，將加強法治教育，「即便立意良善，但法律仍是第一位」。黃姓隊員的遭遇也引起廣泛討論，促使公部門正視「小貪污案件」的處理彈性。法務部今年9月曾發布新聞稿指出，已就「小貪污案件」修法進行研議，目的是讓法官得依情節輕重減輕或免除其刑，以符應社會對公平與正義的期待。同時，法務部正研議擴大檢察官可作成緩起訴處分的範圍，以期在堅守廉政價值的同時，更符合比例原則。高檢署隨後跟進，指檢察官偵辦貪瀆案件時，應秉持同理心，做出公正、有溫度、貼近民情的決定，同時發函各地檢署，要求在偵辦貪瀆案件時，注意蒐集並斟酌被告有利與不利事證，以落實客觀性義務；若提起公訴，亦應綜合考量有利量刑因素，宜請法院依法辦理。熱門賽事、球星動態不漏接    ,https://news.ltn.com.tw/news/society/breakingnews/5264732
虐殺5貓一審重判9年2月 惡男上訴硬拗「施用毒品才會衝動」,社會,2025/12/02 12:59,男子趙育慶以火烤、熱水燙虐殺5貓，一審依一罪一罰規定，共重判9年2月，趙上訴硬拗「施用毒品才會衝動殺貓」請求輕判，高院今判決上訴駁回。（資料照）北市27歲虐貓慣犯趙育慶，被控前年利用女友透過網路認養貓隻後，再以引燃殺蟲劑噴火、熱水燙虐死5隻貓咪，台北地檢署依違反動物保護法起訴趙男，求處重刑，趙嚇得一再結巴，台北地院開庭時趙男改口認罪，被依一罪一罰規定判決趙男5罪，各處1年9月至1年11月徒刑，合計總刑度9年2月徒刑。趙上訴竟稱「施用毒品才會衝動虐殺貓咪」，請求判輕一點，高等法院認定趙是「預謀而有計劃性」逐一虐殺5貓，辯詞不可採，今判決上訴駁回。由於趙育慶另涉毒品案，一審判10月，正由高院審理中，此案判決定讞後，將與虐殺5貓案的刑責，合併定應執行刑。請繼續往下閱讀...台北市動保處2023年12月18日晚間，接獲民眾通報重大動物虐待案件，動保員在北市信義區周邊找到5具貓屍，經採樣送檢，判定貓隻遭人為虐待致死可能性極大，移送檢警偵辦，受害貓隻皆是認養而來，再陸續虐待致死並棄屍。檢警調查發現，趙男曾因與未成年人性交遭判刑入監，也曾因虐貓而被判拘役50日，2021年10月假釋出獄，多次涉毒品案被查辦，前年11月他要求同居的莊姓女友在網路向網友領養貓咪。趙男取得貓咪後，即以毆打、拉扯寵物肩背繩、強迫貓咪以後腳站立、用熱水潑灑、蓮蓬頭敲擊、噴灑並點火引燃油性殺蟲劑、不正常餵食等各種方式凌虐貓咪致死。莊女同年12月報警指稱遭趙男限制行動，獲救後供出趙男的虐貓惡行，警方會同北市動保處，在趙、莊2人當時的北市同居處附近挖掘到5具貓屍，經獸醫解剖死貓遺體，發現多有大面積燙傷、生前久未進食。檢方依虐待動物致死罪起訴，並建請將趙男從重量刑，台北地院將他裁定羈押。台北地院開庭時，趙男原本不認罪，辯稱養貓知識不足，幫貓洗澡沒調好水溫而燙傷貓，又因點火「燒螞蟻不小心燒到貓」。法官怒批5具貓屍幾乎體無完膚，經獸醫解剖鑑定確認生前都遭毆打，質問趙「這些貓跟你有仇是不是？你幹嘛要虐待牠們？」趙男後來改口認罪。北院認定趙觸犯動物保護法「以虐待及傷害方式而宰殺動物罪」共5罪，依一罪一罰規定，判刑1年9月（1罪）、1年10月（3罪）、1年11月（1罪），總刑度9年2月徒刑。檢方和趙均不服判決，上訴高等法院。高院審理時，檢察官主張，趙是使用油性殺蟲劑作為點火燒烤貓隻的助燃劑使用，並非單純以殺蟲劑作為藥物來毒殺貓隻且趙是逐次虐殺5貓，應加重其刑。趙仍認罪，但辯稱是因施用毒品才會衝動殺害貓隻，請求從輕量刑。但高院認定，趙從前年9月間即經媒體報導其涉嫌虐殺貓隻，並於10月間經臺北市動物保護人員拒絕其領養貓隻，卻仍於11、12月間透過他人以領養5隻貓隻後，再逐一殺害，顯示是出於預謀而有計劃性虐殺5貓，檢方和趙上訴均不可採，判決駁回。可上訴。熱門賽事、球星動態不漏接    ,https://news.ltn.com.tw/news/society/breakingnews/5264862
基隆民宅火警 6旬中風翁昏迷被救出,社會,2025/12/02 12:59,消防隊員進入屋內進行搶救。（記者吳昇儒翻攝）基隆市消防局今日中午12時許，接獲民眾報案指出，位於安一路一處二樓民宅傳出火警，消防局立刻派員趕往現場救援。消防隊員抵達時，發現現場濃煙竄出，緊急破門搶救。經搜索後看見一名60多歲中風翁意識昏迷，趕緊將人救出。火勢於30分鐘內撲滅，患者送醫後，目前仍在觀察治療中，暫無生命危險。起火原因，則待釐清。消防局出動17車32人前往搶救，發現2樓有火光，立刻佈線射水，將火勢壓制後，破門救援。鄰居原宣稱屋主為80多歲婦人，但未見其逃出，經消防隊員搜救後，僅發現一名意識昏迷的60多歲老翁，趕緊將他救出。請繼續往下閱讀...所幸患者被救出後，逐漸恢復意識，但口鼻有炭粒，趕緊將他送往醫院搶救，暫無生命危險，另也確認80多歲女屋主並不在屋內。火勢撲滅後，目前由火災調查科人員前往火警現場採證，釐清該處民宅起火原因。救護人員檢視老翁傷勢，發現他疑似嗆傷，趕緊送往醫院救治。（記者吳昇儒翻攝）熱門賽事、球星動態不漏接    ,https://news.ltn.com.tw/news/society/breakingnews/5264923
「南萬華教父」告別式  新北警查獲2少年、1通緝犯,社會,2025/12/02 12:55,南萬華教父高寶勝公祭當天，驚傳寶勝兩名乾兒子砍斷天道盟幫派份子賴嫌腳筋，替寶勝報仇；新北市警方在公祭現場防止滋事。（記者吳仁捷翻攝）台北市南萬華教父高寶勝公祭當天，驚傳自稱寶勝義子的兩名小弟砍斷綽號「黑狗」黑道份子腳筋，在寶勝出殯日替他報仇，而寶勝在新北市殯儀館舉行告別式時，警方派出上百名警力維安，避免幫派滋事，現場查獲2名少年及1名通緝犯，除通知家長帶回，也把通緝犯押解歸案。有「南萬華教父」稱號的高寶勝10月中病逝，本月1日在新北市殯儀館舉行公祭，海山警分局執行防制幫派組合公開活動勤務，會同保大、刑大及少年警察隊等共出動上百名警力。請繼續往下閱讀...警方嚴防幫派滋事，逐一盤查身分，發現兩名少年到場，帶到新海所盤查身分，通知家屬帶回，警方一併查獲詐欺通緝犯林男，現場依法逮捕，並押解地檢署偵辦。熱門賽事、球星動態不漏接    ,https://news.ltn.com.tw/news/society/breakingnews/5264827
大台北公車新店靠站撞斷路樹 嚇壞乘客與等車民眾,社會,2025/12/02 12:36,大台北公車廖姓司機停靠站時，不慎撞斷路樹，嚇壞乘客及等車民眾。（記者陸運鋒翻攝）大台北公車廖姓司機今天上午7時許，行經新北市新店中正路準備靠站時，疑因未注意不慎將路樹撞斷，所幸事故沒有造成民眾受傷，警方獲報到場後進行交通管制，於上午9時許已將現場排除，事故原因仍有待進一步釐清。新店警分局調查，52歲廖男今早駕駛大台北公車951號，行駛新店中正路準備停靠崇光中學站時，右前車頭撞擊人行道路樹，導致樹幹斷裂倒塌，所幸沒有波及等車民眾，車上乘客雖受到驚嚇但也沒有受傷。請繼續往下閱讀...警方指出，獲報趕抵後隨即對該路段進行交管，而廖男酒測值為0毫克，至於是否為路樹未修剪影響視線，導致發生事故仍有待進一步待釐清。熱門賽事、球星動態不漏接    ,https://news.ltn.com.tw/news/society/breakingnews/5264890
中市老翁搭公車跌倒無呼吸心跳 送醫急救,社會,2025/12/02 12:34,老躅翁搭公車跌倒沒有呼吸心跳，消防人員到場立即為其急救並送醫。（民眾提供）今天上午10時51分左右，台中市一名84歲潘姓老翁搭乘206號公車，在東勢區豐勢路26號前準備下車時，因公車司機煞車，突在公車上跌倒，當場沒有呼吸心跳，經送往東勢農民醫院急救，人有成功救回，目前轉送童綜合醫院治療中 。東勢警分局表示，接獲119轉達，今天上午10時51分左右，84歲潘姓老翁搭乘206號公車，欲按鈴下車時，因公車謝姓司機（42歲）煞車，而不慎摔倒，台中市消防局獲報，立刻到場為老翁實施急救，並由救護車送東勢農民醫院救治。請繼續往下閱讀...員警到場後管制交通，並對公車司機實施酒測，酒測值為零，後通知交通小隊到場處理，已聯繫家屬前往醫院探視。（12:44更新）（12:52更新）消防人員在車上為老翁急救。（民眾提供）熱門賽事、球星動態不漏接    ,https://news.ltn.com.tw/news/society/breakingnews/5264879
「攝」狼躲商辦女廁偷拍被逮 手機驚見多人入鏡,社會,2025/12/02 12:33,台北市警中山分局。（記者邱俊福翻攝）旅行社擔任行政人員林姓男子，涉嫌鎖定商辦大樓、大賣場等公共場所地點的女廁，持手機躲女廁內，偷拍女子如廁畫面，日前當他於台北市長春路一棟商辦大樓犯案時，遭受害女童的母親發現有異，請求附近熱心民眾協助留住林男並報警，轄區台北市警中山分局長春路派出所據報到場經檢林男手機，發現包括受害女童在內的數十張女子隱私照片及影像，當場將林男逮捕，依妨害性隱私、兒少性剝削等罪移送台北地檢署偵辦，檢方並聲請羈押獲准。警方調查，上月28日晚間6時50分許，25歲林男躲在台北市長春路一棟商辦大樓的女廁，躲在一間女廁內，透過女廁下方的空隙，持手機偷拍女子如廁畫面，當時1名女童如廁後，步出廁所，林男尾隨其後也走出女廁，在廁所外等候的女童母親看到後感到奇怪，經觀察發現林男正在觀看手機內照片，懷疑是偷拍狼，立即向附近民眾求助。請繼續往下閱讀...民眾聽到女童母親的求援，上前將林男留住在現場，並向警方報案，警方據報到場，經檢視林男手機內影像，發現其拍攝女童的照片及影像，且包含如廁隱私部位，另也有數十張不同女性的如廁照片與畫面，隨即當場逮捕林男，帶回派出所偵訊。警詢時，林男表達自己利用下班或者外出逛街時，隨機查看公共女廁，只要見疏於管理，有縫隙可利用，便會遂行偷拍，這些偷拍的照片與畫面則都是作為個人收藏與觀賞，訊後被依法移送檢方偵辦。熱門賽事、球星動態不漏接    ,https://news.ltn.com.tw/news/society/breakingnews/5264829
嘉義山區偷406面道路標誌牌賣變 男子判刑1年10月,社會,2025/12/02 12:31,嘉縣山區道路406面行車標誌去年10至11月間遭楊嫌偷走變賣。（中埔警分局提供）屏東縣楊姓男子缺錢花用，去年10至11月間利用Google街景搜尋偏僻路段，前後5次竊取嘉義縣山區道路反光牌、方向導引牌等標誌牌共406面賣變，造成公路單位損失金額約121萬元。嘉義地院日前依加重竊盜罪判處楊男有期徒刑1年10月。可上訴。檢警調查，45歲楊男因缺錢花用，先以Google街景圖搜尋目標後，於去年10至11月間前後5次特地從屏東跑到嘉義做案，並鎖定山區車流、人煙較少的地方下手。請繼續往下閱讀...楊男陸續在番路鄉、中埔鄉及大埔鄉原多處山區道路，使用充電式電動板手竊取406面道路標誌反光牌及方向導引牌，再賣到資源回收場，造成公路單位損失金額約121萬元。警方經調閱監視器及車牌辨識系統，於去年12月10日持搜索票至屏東縣楊男住處搜索，查獲作案工具，另於屏東某回收場查扣楊男變賣的交通標誌牌。法院指出，楊男並非無謀生能力，不思循正當途徑賺取所需，卻持續竊取公共設施，侵害公部門財產並影響用路人安全；審酌楊男犯後始終坦承不諱，依法均屬加重竊盜，依5罪分論併罰，定應執行徒刑1年10月。熱門賽事、球星動態不漏接    ,https://news.ltn.com.tw/news/society/breakingnews/5264792
男駕租賃車遇路檢亂報身分證被喝令下車 踩油門擦撞員警逃逸,社會,2025/12/02 12:26,年約30歲男性駕駛未繫安全帶，又提供錯誤身分證字號，隨後踩油門擦撞員警逃逸。（記者陸運鋒翻攝）台北市保安警察大隊昨晚執行路檢勤務，在中山區攔查一輛租賃小客車後，發現年約30歲男駕駛未繫安全帶，又提供錯誤身分證字號，潘姓小隊長隨即喝令其下車受檢，但該駕駛竟踩油門加速逃逸，導致潘員遭擦撞跌倒受傷，警方將開單告發並追查嫌犯下落。警方調查，該名年約30歲男子昨晚9時許駕駛白色租賃小客車載著1名友人，行經台北市中山區松江路、民族東路口時，遇上保大警方路檢，但他神色慌張、眼神閃爍且未繫安全帶，經警方引導後進入檢查區受檢。請繼續往下閱讀...據知，潘姓小隊長隨即要求駕駛熄火受檢，並詢問該名駕駛有無駕照，但該名駕駛稱沒有且未攜帶證件，並提供錯誤身分證字號，導致警方無法查詢正確身分，潘員隨即喝令駕駛下車受檢。豈料，該名駕駛拒絕受檢，並踩油門往左側衝撞加速逃逸，導致潘員閃避時跌倒，造成手腳擦挫傷，所幸經就醫後已無大礙。警方表示，後續除依違反道路交通管理處罰條例製單告發，並將依妨害公務罪嫌偵辦。男性駕駛拒絕下車受檢，隨即踩油門加速逃逸，造成潘姓員警跌倒受傷。（取自社會事新聞影音）熱門賽事、球星動態不漏接    ,https://news.ltn.com.tw/news/society/breakingnews/5264811
來台第一天就進派出所！大馬遊客被誤為檢舉達人和車主互毆鬧上警局,社會,2025/12/02 12:21,警方到場制止雙方。（記者王冠仁翻攝）吳姓男子開車到台北市寧夏夜市，將車輛臨停在路旁，同樣也在寧夏夜市逛街的2男1女等3名馬來西亞籍遊客，恰好見到吳男轎車車牌數字，與他們另名馬來西亞籍的朋友轎車車牌相同，隨即拿起手機拍照。吳以為被人拍照檢舉，下車理論，3名馬國遊客雖會講中文，但因為有口音，吳男聽不懂，雙方最終演變成當街互毆衝突。北市警大同分局在昨天晚上8時許接獲報案，民眾聲稱在寧夏夜市路旁有人發生糾紛，當街打架。請繼續往下閱讀...轄區員警趕到現場以後，這才發現，原來當時吳姓男子開車到寧夏夜市，將車輛臨停在路旁。吳當時坐在駕駛座上，卻發現2男1女不斷對著他的車輛指指點點，隨後還拿起手機拍照；吳男直覺對方是要拍照檢舉他違規臨時停車，立刻下車理論。當時拿手機拍照的是馬來西亞籍2男1女遊客，他們見到吳男的轎車車牌數字，與另名馬國友人的轎車相同，打算拍照傳給友人。他們見到吳男氣沖沖下車，起先有用中文解釋自己的行為，但吳因為對方講中文有口音聽不懂，雙方講沒幾句就互相推擠拉扯，當街爆發肢體衝突。警方事後調停後，雙方這才發現搞了一個大烏龍，雖然後續雙方都表示不願提告傷害，但由於他們的行為已經涉犯聚眾鬥毆，警方最終仍將他們移送法辦。熱門賽事、球星動態不漏接    ,https://news.ltn.com.tw/news/society/breakingnews/5264782
進口「藝術燈座」藏市價2億海洛因磚 3泰籍嫌犯收貨被逮,社會,2025/12/02 12:11,樹脂藝術燈座底座夾藏海洛因磚毒品。（記者邱俊福翻攝）隱身越南、寮國的跨國毒梟，利用樹脂藝術燈座底座夾藏海洛因磚毒品方式，自越南河內空運快捷包裹走私毒品入境，刑事警察局國際科跟越、寮警方合作進行情資交換後，上月初透過「以貨追人」方式，逮捕入境領貨的一對泰籍情侶，並循線逮捕包裹載名的收貨人泰籍女移工等3人，共查扣市價2億、近20公斤的雙獅牌海洛因磚52塊，移送橋頭地檢署偵辦，檢方訊後將該對泰國情侶檔聲押獲准，持續擴大追查其他共犯；同時，越、寮警方同步行動也逮出貨的3名嫌犯到案。國際科是因掌握情資指出，越南、寮國近期接連查獲多件海洛因走私案件，疑有跨境運毒集團藉由「藝術燈」名義報關，實則夾藏毒品運往越南或臺灣，為查明案情，即請駐越南警務聯絡組洽詢越南公安部，透過交換比對跨境情資，確實發現近期有批自越南寄送來台的包裹存在高度異常，包括貨單號碼頻繁更換、申報內容同為燈具等家飾、收件人非本國人，而為泰、越等外籍人士後進行監控。請繼續往下閱讀...警方專案小組發現，10月底有一批樹脂藝術燈座分裝成包裹7箱，以空寄快捷方式入境，經逐件清查，共查獲包裹內有13組藝術燈，海洛因磚夾藏於藝術燈底座，每組底座可容納4塊，共有52塊，總重19.875公斤，黑市價值逾2億元，收件人則是同一名高雄市的泰籍女移工。該批包裹首先寄送高雄市岡山的一家超商，收件人卻沒有出面領取，隨後變更收件地址到台中市太平區一家汽車旅館，又無人出面領取，退回太平區的貨運站。上月3日，一對泰國情侶檔入境機場，攔搭計程車直奔汽車旅館領貨，當晚該情侶檔拆貨發現沒有毒品，慌張跑出旅館，埋伏警方一舉逮人，要求該情侶檔配合繼續派送毒品，但卻遲遲沒有人出面領取，不久毒梟包下一台不知情的白牌計程車出面協助送貨後，該司機向該情侶檔取走包裹，但因對方一直變換送貨地址，讓該司機漏夜於大台中地區繞行。隔日，毒梟要求該司機持續送貨，但地點同樣一直變更，最後對方突然未有回應，警方只能收網。事後，警方依據包裹的收件人，逮捕泰國外籍女移工。同時，越南與寮國警方分別逮捕1名與2人出貨的嫌犯到案。警方詢後依毒品罪嫌移送檢方偵辦，泰籍收貨的情侶檔經法院裁定羈押禁見。警方共查扣市價2億、近20公斤的雙獅牌海洛因磚52塊。（記者邱俊福翻攝）熱門賽事、球星動態不漏接    ,https://news.ltn.com.tw/news/society/breakingnews/5264776
「創業天才」藉口男廁客滿上女廁 被抓包不怕還逼女員工陪上女廁,社會,2025/12/02 12:08,量趨科技執行長陳泰元被控侵占公司款項。（取自量趨科技臉書）因創立17直播聲名大噪，現任量趨科技公司執行長的陳泰元，曾被封「創業天才」，外界看好他是新創產業明日之星，沒想到他被控侵占公司虛擬貨幣，警方上門到他住處搜索、移送法辦，令人不勝唏噓。陳過去就有不少負面新聞，但這次陳的女同事也出面投訴，陳曾經藉口男廁「客滿」，在公司女廁待了20多分鐘，就算被發現也不怕，事後還變本加厲要女同事陪他上女廁，弄得女同事人心惶惶、身心俱疲。這名女同事指控，量趨科技公司位在台北市信義區某商辦大樓，商辦樓層設有男廁與女廁，供設立在該樓層的公司行號共同使用。2022年12月，某次該樓層其他公司的女員工去上廁所時，發現女廁中傳出男性咳嗽聲，嚇得找來其他同事一起察看，並通報大樓管理員，這才發現躲在女廁中的男子就是陳。請繼續往下閱讀...陳當時躲進女廁當中，時間長達20幾分，他見東窗事發，假裝沒事聲稱當時因為男廁「客滿」，只好改到女廁上廁所；大樓物業公司擔心他在女廁內「搞鬼」，當天火速派人仔細檢查女廁。經此一事，陳依然不改其怪異行徑，他擔心再去女廁恐遭其他公司的人舉報，於是要求自家公司女同事陪他進女廁上廁所，或是要女同事來女廁陪同他離開，2、3年來去女廁10多次。由於陳是執行長，在公司中具有一定分量，女同事為了生計，百般隱忍，最終身心受創，遲至上月中旬才向台北市勞工局提出職場霸凌申訴。熟識陳的友人表示，陳過去負面新聞不斷，像是他在2016年時曾經駕駛藍寶堅尼跑車在宜蘭一處水田「犁田」。2017年，他與一名羅姓女子交往，事後卻指控羅在2個月用他的黑卡盜刷800多萬元；羅聲稱是陳主動給她卡片，還要她「盡量刷」，羅最終獲不起訴處分。熱門賽事、球星動態不漏接    ,https://news.ltn.com.tw/news/society/breakingnews/5264756
「創業天才」揍合夥人還到公司大肆搜刮 侵占上百萬虛幣到冷錢包,社會,2025/12/02 12:02,量趨科技執行長陳泰元被控侵占公司款項。（取自量趨科技臉書）與藝人黃立成創立17直播、現任量趨科技公司執行長的陳泰元，曾被封「創業天才」，近日卻被警方到住處搜索，引起業界譁然。原來他被同事指控，頻頻出現脫序行為，像對合夥人暴力相向，在公司胡亂咆哮，要求員工拿自己信用卡給他刷，甚至竄改公司虛擬貨幣帳戶密碼，將上百萬元虛幣轉移到自己冷錢包，行徑誇張。對此，台北市警方證實，在11月下旬到陳住家搜索，並將他依法送辦。陳泰元同事說，陳名氣響亮，2017年還創立柯賓漢數位金融公司（Cobinhood），該公司一度被稱為「獨角獸新創潛力公司」，但成立不久就鬧出經營糾紛、對簿公堂，最終停業。陳事後再與認識十餘年的徐姓友人一同合夥，成立量趨科技公司，陳是股東也擔任執行長。請繼續往下閱讀...同事指控，陳雖是「創業天才」，但生活混亂，每月開銷從數十萬元到上百萬不等，揮霍無度，他甚至要員工拿自己的信用卡供他刷用，一個月刷了50萬。同事、友人近來察覺他似乎有躁鬱症與被害妄想症，勸他去看醫生，他卻堅稱自己沒生病，還說吃藥會變笨。今年3月，陳看到某社會新聞，擔心自己遭人背叛、要先下手為強，居然無故毆打徐，還拿椅子、筆電向徐丟擲，事後還嗆聲恐嚇。隔天他來上班，又忽然在辦公室咆哮，再次對徐拳打腳踢；公司所在地的大樓保全員制止未果，向轄區信義分局報警，他見到員警出現才安分。陳雖曾寫道歉信給徐，但他疑因財務漏洞擴大，在今年10月趁徐出國時，竄改他與徐共同持有帳戶、公司名下3個虛擬貨幣帳戶的密碼，還將帳戶內虛幣轉移到自己冷錢包中。他還找人到公司，搬走電腦、螢幕、文件、沙發椅，連員工置物櫃中私人物品也被搜刮；由於陳平時不喝白開水，只喝「巴布農鹼性礦泉水」，他也順勢搬走10瓶礦泉水。北市警方在11月下旬，持搜索票前往陳位於內湖住處搜索，找到他搬回的電腦、沙發椅等物。據悉，陳聲稱自己是公司股東，這些物品本來就歸他所有，他拿回家是用來辦公、查帳；他還稱要同事拿信用卡給他刷，是因為他先前有替公司墊付部分款項。警方說，陳確實有將公司帳戶中、價值2百多萬元虛擬貨幣轉移到自己冷錢包中，警方已查扣該筆資產，同時也凍結相關虛幣帳戶來進一步釐清他有無侵占其他公司資產，並將他依竊盜、侵占、背信、妨害電腦使用等罪嫌送辦。熱門賽事、球星動態不漏接    ,https://news.ltn.com.tw/news/society/breakingnews/5264755
崩潰影像曝！台南5旬男當街失控吼叫 撞斷智慧停車柱還自砸頭,社會,2025/12/02 11:59,五十多歲的H姓男子情緒失控撞斷路旁智慧停車收費柱。（取自網路社會事新聞影音）1名中年男子1日下午4點多在台南市南區大同路二段大林新城國宅前人行道疑似自殘，徒手弄斷智慧停車收費柱，接著趴倒在地大吼、還拿磚塊猛砸自己的頭及地面，嚇壞當地住戶，之後有路人上前關心，有住戶拍下駭人畫面上傳網路引起議論。警方表示，當時獲報該男情緒失控自殘受傷，即通報消防局救護車協助送醫。轄區警方到場了解，年約50多歲H姓男子不明原因情緒失控、先毀損路邊的智慧停車柱，隨後持磚頭自殘，並未傷及他人，警方立即通知消防局119派救護車並聯絡家屬陪同H男就醫治療、安撫其情緒。請繼續往下閱讀...警方並通知市府交通局業管單位處置智慧停車柱修復及對H男一方的求償事宜。據了解，H男持有身心障礙手冊，這部分政府相關單位相當低調、不願透露多說什麼，只強調會依法請H男的家屬對H男做好後續治療、照護的工作，避免他再次做出自殘自傷的舉動。五十多歲的H姓男子情緒失控趴地拿磚塊砸自己的頭，情景嚇人。（取自網路社會事新聞影音）熱門賽事、球星動態不漏接    ,https://news.ltn.com.tw/news/society/breakingnews/5264794
開假單助「吊扣」牌照變「吊銷」  台中12員警、17業者貪汙起訴,社會,2025/12/02 11:57,台中許姓等12名員警勾結代辦業者，開立假罰單助民眾牌照從「吊扣」變「吊銷」，可重新領牌上路，台中地檢署今天依貪汙、偽造文書將29人起訴。（記者陳建志攝）台中市許姓員警等12人與廖姓等17名代辦業者勾結，明知民眾因超速達60公里以上要被吊扣牌照3至6個月，此期間將不能開車上路，員警卻配合業者開假罰單，讓154位車主牌照從「吊扣」變「吊銷」，可以驗車後重新領牌上路，今天依貪汙、偽造文書將29人起訴，其中林姓員警和廖姓代辦業者因犯後均未坦承犯行，建請法院量處2人適當之刑。檢方調查，依「道路交通管理處罰條例」規定，汽車駕駛若超速達60公里以上，除當場禁止駕駛、處汽車所有人罰鍰外，並需吊扣牌照3至6個月；同條例第12條並規定，若有未懸掛號牌、牌照吊扣期間行駛等情形，除罰鍰並禁止行駛外，並將「吊銷」牌照。請繼續往下閱讀...檢方表示，實務上「吊銷」處罰效果重於「吊扣」，不過因吊扣期間無法開車上路，如車主於吊扣期間因車輛未懸掛牌照行駛在道路，遭警方製單裁罰吊銷汽車牌照，因牌照已遭吊銷而無從吊扣，即可逕行驗車後重新申請牌照立即上路，廖姓等代辦業者發現此法規漏洞，對外招攬代辦重新領牌業務。檢方查中，台中市許姓等12名員警，與廖姓等17名業者勾結，明知車主並無違規事項，員警竟配合代辦業者要求，開立不實的交通違規舉發單，使 「吊扣」的汽車牌照遭「吊銷」，代辦業者進而持該不實舉發單繳納罰鍰，至監理站繳回原車牌辦理吊銷牌照手續，並立即換發新牌照，使車主可重行開車上路，以此方式規避遭「吊扣」牌照而不得使用車輛的不利處分，總計使154位車主獲得提前使用車輛3至6個月不法利益。台中地檢署偵辦後今天偵結，依貪污治罪條例之對主管事務圖利、刑法使公務員登載不實公文書及使公務員登載不實等罪嫌將29人起訴，其中秦姓、蔡姓員警因自首，進而查獲幕後配合的業者建請免除其刑，另許姓員警等9人，已坦承認罪，建請法院給予緩刑機會，林姓員警和廖姓代辦業者因犯後均未坦承犯行，建請法院量處2人適當之刑。熱門賽事、球星動態不漏接    ,https://news.ltn.com.tw/news/society/breakingnews/5264773
偷拍女內衣褲還想加「臉書好友」 判拘20日還要賠8萬,社會,2025/12/02 11:18,蕭姓男子潛入他人倉庫，偷拍2名女子內衣褲，還妄想加「臉書好友」，令被害女子感到恐懼。彰化地院審理，依無故侵入他人建築物罪判處拘役20日，並需分別賠償2名女子各4萬元。（資料照）彰化蕭姓男子，去年某日無故侵入他人倉庫，偷拍兩名女子晾曬的內衣褲，結果被人發現報警，令人不安的是，3年前，蕭男就曾半夜潛入女子住家偷拍，而這次在犯案前，甚至嘗試加入其中一名女子的臉書與IG，兩名女子事後提告求償。彰化地院審理，依無故侵入他人建築物罪判處蕭男拘役20日，並判他需分別賠償兩名女子各4萬元。判決書指出，蕭男於去年某日清晨5時許，擅自進入被害女子住處旁的倉庫，並持手機拍攝她們晾曬的內衣褲，當場被屋主發現報警。事後調查發現，這已非蕭男初犯，2021年，他就曾於半夜侵入同一住宅偷拍內衣。當時蕭男苦苦哀求，被害人念在他年輕、無前科而選擇原諒，未料時隔3年蕭男食言再犯。請繼續往下閱讀...其中一名被害人發現，蕭男在偷拍前竟曾試圖加她臉書與IG，令她感到害怕與噁心，為此還尋求心理治療。被害女子說，蕭男拍完後仍有在住家周邊徘徊，讓她更擔心對方可能再度入侵，居家安全感盡失，長期處於憂懼中，因此兩人向蕭男連帶求償醫療費及精神慰撫金共95萬餘元。蕭男辯稱，當時倉庫門是開著的，看到就拍一下，若當事人不願內衣被見，應收至屋內。且他僅是拍攝自賞，未外流，難以證明女子的憂鬱與其行為有直接因果關係。法官審理認為，蕭男無故侵入他人建築物，並以手機拍攝私人衣物，已侵害被害人居住安寧與隱私權，足以造成精神痛苦，依無故侵入他人建築物罪判處拘役20日，另民事求償部分亦判蕭男須賠償兩女各4萬元。熱門賽事、球星動態不漏接    ,https://news.ltn.com.tw/news/society/breakingnews/5264735
國5上演瑪利歐賽車！ 2車互擲水球、垃圾 還擺出KO手勢,社會,2025/12/02 11:02,銀色轎車後座女子投擲水球。（民眾提供）國道5號上演離譜交通違規事件，2輛轎車在國道相互較勁，不僅任意變換車道，還將頭手伸出窗外互擲垃圾，當場砸破水球水花四濺國道，衛生紙團還黏在擋風玻璃上，最後白車副駕「選手」下壓手腕，露出得意KO手勢，相當專業，2車誇張行徑全被後車錄下，遭批是「上演國5號瑪利歐賽車？」警方將以車追人，釐清責任。民眾在網路貼文，據影片顯示，白色BMW轎車及另輛銀色轎車，沿國5宜蘭至羅東間南下，行經43公里處時，銀色轎車左後座女子竟搖下車窗，半身露出窗外向白車丟擲水球，水球拋飛砸到白車左前方引擎蓋破裂。請繼續往下閱讀...白車驅車向前，銀車仍緊追不捨，女子再次丟擲水球，這次水球砸在白車右側門，當場水花四濺，白車副駕駛也不甘示弱，將疑似衛生紙團丟出，投擲手勢超專業，還下壓手腕，直接命中黏在銀車的駕駛及擋風玻璃左側，最後更舞動手掌，挑釁般露出KO完勝手勢。國道公路警察局第9公路警察大隊表示，社群網路貼文影像顯示於國道5號43公里處，1輛行駛在外側車道的白色轎車副駕駛座乘客，與內側行駛銀色自小客後座乘客互擲不明物品，已違反道路交通管理處罰條例第33條第1項第15款行駛中向車外丟棄物品或廢棄物，可處汽車駕駛人新台幣3000元以上、6000元以下罰鍰。國9指出，至今未接獲相關報案，因影片中沒有明確的日期時間，正在調閱ETC及CCTV影像追查，以釐清相關原因及責任。白車遭水球擊中，當場水花四濺國道。（民眾提供）白車副駕丟出疑似衛生紙團，還下壓手腕，投擲手勢相當專業。（民眾提供）熱門賽事、球星動態不漏接    ,https://news.ltn.com.tw/news/society/breakingnews/5264717
騎士高市議會前闖紅燈 先撞另一騎士再撞學生參訪團遊覽車急救,社會,2025/12/02 11:01,鄭男於高雄市議會前闖紅燈，先撞騎士再撞學生參訪團遊覽車後，倒地不起送醫急救。（民眾提供）高雄市議會前今天上午發生一起重大車禍！鄭姓男子騎機車行經高雄市議會前國泰路二段，竟違規闖紅燈，先追撞前方停等紅燈的吳姓騎士，又撞上鍾姓司機駕駛遊覽車，載有高雄大學學生準備到議會參訪；鄭男當場倒地不起送醫急救，吳男命大僅手腳擦傷，學生受驚嚇幸未受傷。警方調查，鄭姓男子（36歲）今天上午近10時，騎機車沿著鳳山區國泰路二段直行，行經市議會前方路口，竟違規闖紅燈，從後追撞前方停等紅燈的機車騎士吳姓男子（22歲）。請繼續往下閱讀...正值鍾姓司機（61歲）駕駛遊覽車，搭載數十名高雄大學政法系學生，從國泰路二段北向南方向，依號誌規定左轉，準備進入市議會參訪。不料鄭男與吳男發生車禍後，又騎機車向前直行，闖紅燈撞上遊覽車，整個人倒地不起，當場失去生命跡象，警方趕緊呼叫救護車，將他送往醫院急救。遊覽車上學生目擊車禍，一度受到驚嚇，所幸無人傷亡；吳男被撞摔車，命大僅手腳擦傷，沒有生命危險；警方勘驗車禍現場，初步認定鄭男違規闖紅燈，車禍肇事責任明顯，將送交通大隊進一步鑑定。熱門賽事、球星動態不漏接    ,https://news.ltn.com.tw/news/society/breakingnews/5264724
替義父完成心願？「南萬華教父」剛辦完告別式  義子砍斷仇家腳筋,社會,2025/12/02 10:44,警方到場時，徐嫌、王嫌在場沒有落跑。（記者王冠仁翻攝）天道盟重量級大哥「黑狗」賴姓男子，昨天在台北市萬華區一處停車場內，被2名埋伏刀手持刀攻擊，賴的雙腳腳筋被砍斷，血流如注、倒地哀嚎；2嫌犯案後沒有離去，還自行打電話報警，警方到場逮捕徐、王2嫌。據悉，徐姓犯嫌自稱是天道盟已故大哥高寶勝義子，高生前跟賴為了土方利益結下樑子，徐聲稱砍人是為了幫高報仇、討回公道。據了解，天道盟已故大哥高寶勝被稱為「南萬華教父」，他因罹癌今年10月中旬逝世，昨舉辦告別式。請繼續往下閱讀...江湖謠傳，多年前高因為南萬華周邊的青年公園、馬場町等地區的相關工程及土方利益與賴起衝突，雙方結下樑子，高當時吃虧，相當不是滋味，曾多次對外抱怨。警方調查，徐、王兩人疑似掌握了賴男的行蹤，昨天中午近12時跑到台北市漢口街一處大樓內的停車場埋伏。下午1時48分，賴男搭電梯到停車場，走到繳費機前要繳停車費時，埋伏許久的王男朝他噴辣椒水，隨後再以環抱方式控制他行動，在旁的徐男隨即拿出一把刀朝他雙腳揮砍攻擊。警方說，徐犯案後自行打電話報警，當時有許多路過民眾見狀，也嚇得先後報警。轄區員警趕到現場時，徐、王站在原地等候、雙手高舉，隨即被警方壓制逮捕。獨家》艋舺喋血！天道盟大咖「黑狗」雙腿腳筋斷 2嫌冷笑留原地就逮熱門賽事、球星動態不漏接    ,https://news.ltn.com.tw/news/society/breakingnews/5264691
銅鑼山區訪友 女駕駛連人帶車倒栽邊坡下受困獲救,社會,2025/12/02 10:43,汽車四輪朝天，駕駛陳女一度受困車內，消防獲報趕赴救援送醫。（圖由警方提供）58歲陳姓駕駛開車到苗栗縣銅鑼鄉山區訪友，意外連人帶車倒頭栽墜落邊坡，消防獲報趕赴救援，陳女手部骨折送醫；警方調查，陳女沒有酒駕情形，疑因不熟悉路況而翻車，呼籲民眾行駛山區道路，注意路況、小心慢行。苗栗警分局今（2）日表示，該起車禍發生於昨天上午11點10分許，陳女開車到銅鑼鄉盛隆村山區訪友，不料連人帶車翻落邊坡，車體四輪朝天。附近社區民眾發現，通報警、消救護，員警到場後發現陳女受困於翻覆車內，直呼手痛、無法動彈，經消防人員協助脫困後，檢視手部骨折送醫。陳女沒有酒駕情形，疑因不熟悉路況而翻車。（圖由警方提供）58歲陳姓女子開車到苗栗縣銅鑼鄉山區訪友，連人帶車翻落邊坡倒頭栽。（圖由警方提供）熱門賽事、球星動態不漏接    ,https://news.ltn.com.tw/news/society/breakingnews/5264677
毒駕新法上路第一週 屏東警分局查獲3件 2人拒測開罰18萬元,社會,2025/12/02 10:37,42歲黃男拒測。（屏東警分局提供）警政署上（11）月20日起全面啟用毒品唾液快篩試劑，取締毒駕，新法上路後警方全面強化取締作為，屏縣警局屏東分局第一週即查獲3件毒駕相關案件，其中2名駕駛拒測遭開罰18萬元，所有涉案車輛均立即移置保管。警方指出，新罰則生效後，駕駛人違規成本大幅提高，已有行為人因壓力大到當場直呼「不敢了」。屏東警分局11月20日至27日共查獲3起毒駕。其中僅一件受測，為崇蘭派出所員警深夜巡邏時，於屏東市自由路段攔停可疑自小客車，查獲31歲徐姓男子持有三級毒品愷他命，經毒品唾液快篩試劑測試呈現毒駕陽性；警方表示，除立即將車輛移置保管、開立毒駕違規舉發單外，行政處分部分將報請警察局裁罰；刑事部分則依施用毒品與毒駕相關規定，待尿檢結果出爐後函送屏東地檢署偵辦，行政與刑事責任同步追究，處分更為完整且嚴格。請繼續往下閱讀...屏東分局也表示，另2起查獲案件，分別為42歲騎機車的黃姓男子、42歲開車的韋姓男子，2人均拒測，因毒駕處分全面加重，拒絕檢測者直接開罰，罰鍰18萬元起跳，並搭配移置保管車輛、後續吊扣牌照等措施，使駕駛人違規成本大幅提升。新法核心精神在於「罰得重、查得勤、嚇阻強」，警方也將持續提高盤查密度，確保施用毒品者不敢上路。警方呼籲，毒駕對其他用路人威脅極大，切勿心存僥倖。僅是一時僥倖，就可能面臨高額罰鍰、車輛被拖走，甚至刑事追訴的多重後果。警方將持續執法，全力守護道路安全。黃男拒測收罰單。（屏東警分局提供）上月（11）月20日起新法全面啟用毒品唾液快篩試劑取締毒駕。（屏東警分局提供）熱門賽事、球星動態不漏接    ,https://news.ltn.com.tw/news/society/breakingnews/5264652
獨家》竹縣警加薪有望！比照六都領勤務繁重加給 等警政署核定,社會,2025/12/02 10:36,新竹縣警局員警也將可領6都實施多年的勤務繁重加成津貼，預算已獲議會通過，就等警政署拍板核定上路。（記者黃美珠攝）新竹縣警察局1181名員警明年可望加薪！為了留才且配合警政署推動全國警察都有「勤務繁重加成」津貼可領，新竹縣警局在縣府、議會支持下，三讀通過增編明年人事費1.1億多，以支應警政署推動中的「勤務繁重加成」新制上路，是「小聯盟」16縣市中第一個站在起跑線做好「預備備」動作的警局。警政署長張榮興受訪說「樂見其成」，並謝謝縣府和議會對警察的相挺，他們正在了解「小聯盟」其他縣市推進的意願和相關單位看法。新竹縣雖率先爆出預算到位的喜訊，但仍需等核定跟大家「同步」實施。請繼續往下閱讀...現行警察勤務加給依內、外勤分3等級，第1級繁重區可領9700元；6都2014年起另增前述勤務繁重加成，雙北1級戰區可加領原警勤加給的1倍、9700元，4都1級則加領原警勤加給的7成、約6800元；6都之內1級以下的分級和經費各自因地制宜決定。新竹縣配合警政署讓繁重加成也惠及「小聯盟」16縣市政策，率先比照4都完成規劃，把警力分繁重、較重、一般、以及內勤4等級，領取6800元到3000元不等的繁重加成。其中竹北、新湖位列繁重分局，竹東是較重分局；新埔、橫山2分局跟警局直屬外勤隊是一般等級，其餘是內勤。縣警局長林建隆說，目前全局員警預算員額1245人，實際員額1181人，粗估1年要增加8000萬。為了讓同仁能在中央宣布後立刻受惠，他們透過增編明年度人事費1.1億，預先把錢準備好，這使得新竹縣警局明年人事費從歷年17億5300多萬增加到18億6300多萬，寫下新高。新竹縣警局長林建隆直言，要想留住人才，竹縣治安繁重區勤務繁重加成預算，至少要有5000元才能讓同仁有感。（記者黃美珠攝）新竹縣長楊文科說，警察工作辛苦又危險，比照6都增加勤務繁重加成合理且必要。（記者黃美珠攝）全國警察勤務繁重加成津貼一旦上路，新竹縣千餘名員警，將依繁重程度，分：繁重、較重、一般、內勤4等級支領3000元到6800元不等。（記者黃美珠攝）熱門賽事、球星動態不漏接    ,https://news.ltn.com.tw/news/society/breakingnews/5264623
不滿女友遭性騷  他拿西瓜刀砍死河智媛老闆被起訴,社會,2025/12/02 10:25,男子黃相元（中）疑似不滿人氣啦啦隊員河智媛老闆詹智能性騷擾其女友，今年8月持西瓜刀將他砍死，台中地檢署今天依傷害致死起訴。（資料照）台北市男子黃相元（41歲）疑似不滿人氣啦啦隊員河智媛經紀公司總經理兼實際負責人詹智能（57歲）性騷擾其女友，今年8月4日從台北萬華開車到台中，見詹智能進入豐原一家超商，趁他走出超商持辣椒水攻擊，並持西瓜刀砍殺手腳，造成詹男大動脈斷裂，雖緊急送醫仍因失血過多不治，台中地檢署今天偵結，依傷害致死將他起訴，並移審台中地院由國民法官審理。台中地檢署調查，黃男今年8月4日清晨，從台北萬華駕車抵達台中豐原，約上午10點見詹智能駕駛自小客車抵達超商並入內消費，即在超商門口等候。待詹智能約10點25分走出超商大門時，即趨前推擠詹，並以辣椒水噴向詹的臉部。請繼續往下閱讀...詹智能見狀趁隙躲回超商，黃男持預藏西瓜刀進入超商，並持刀往詹的左手、左腳各砍2刀後駕車逃逸。詹男經送往衛生福利部豐原醫院後，仍於當天11點30分，因左手、左腳大動脈斷裂大量失血死亡。台中地檢署檢察官經調查後今天偵結，依傷害致死將黃相元起訴，並依國民法官法移審法院，將由國民法官進行審理。至於黃男為何行兇犯案？黃男當時表示，因不滿詹男疑似性騷其女友，才憤而從台北南下尋仇，並尾隨行兇，詳細行兇動機將待審理後釐清。熱門賽事、球星動態不漏接    ,https://news.ltn.com.tw/news/society/breakingnews/5264672
西勢車站高架橋下停車被「提醒」後竟遭刮 外地客諷：化外之地嗎,社會,2025/12/02 10:18,案發地點均位於竹田鄉龍門路段陸橋下方。（記者陳彥廷攝）台鐵屏東、潮州路線高架化後，西勢站最近接連出現「刮車」大盜，不少民眾停放高架橋下方的愛車遭破壞，警方高度懷疑是同人所為，正追查中，台鐵則表示不排除進一步加裝監視器。鐵路高架化後車站高架下方多半被劃設為停車場，方便通勤客使用，有些成為在地居民的免費停車場，甚至出現佔地為王的情形，日前有名外鄉鎮居民開車前往西勢車站要搭車，將車停在西勢車站至龍門路間的高架鐵路下方空地，才停好不久就有1名阿伯出面提醒「這是他家的」。請繼續往下閱讀...車主向西勢車站確認該停車空間並非私人用地後，便不再理會該名阿伯，未料車主返回取車時，卻發現愛車後門鈑金遭到鑰匙刮了數道刮痕，氣得po文怒諷「難道是化外之地嗎？」「什麼時候變私有的」，竟把泛公有地當自家停車場。警方指出，已陸續接獲車輛停放在該處卻遭毀損案件，可能是同1人所為，已調閱周邊監視器，並派員加強查訪，目前已鎖定特定對象偵辦。台鐵則表示，經過會勘後，不排除安裝監視器加強管理。熱門賽事、球星動態不漏接    ,https://news.ltn.com.tw/news/society/breakingnews/5264621
東勢果園工寮深夜起火 燃燒約50平方公尺,社會,2025/12/02 10:12,台中市東勢區一處果園工寮起火燃燒，烈焰沖天。（民眾提供）台中市東勢區東關路一處果園鐵皮工寮，昨深夜11點多突起火，烈焰沖天，民眾在遠處見狀報案，台中市消防局獲報出動大隊人車前往灌救，於11點35分撲滅火勢，幸無人傷亡，起火原因由火調人員調查中。昨天深夜1103分，有民眾在遠處見到東勢區東關路七段211巷附近有火光冒出，打1119報案，台中市消防局獲報立即派遣第二大隊、轄區東勢分隊等共計5個單位，出動各式消防車13輛、消防人員22人，現場由副大隊長趙冠斐擔任指揮官前往灌救。請繼續往下閱讀...消防局趕往，發現是一處果園中的2層樓鐵皮工寮起火，約半小時即撲滅火勢，經調查，燃燒面積約50平方公尺、財物損失約10萬元，起火原因由火調人員調查中。台中市東勢區一處果園工寮起火燃燒，消防局獲報前往灌救。（民眾提供）熱門賽事、球星動態不漏接    ,https://news.ltn.com.tw/news/society/breakingnews/5264645
酒駕撞倒多車、不安返回查看 松山警眼尖認出當場逮人,社會,2025/12/02 10:12,凌男酒駕撞倒路邊一排停放機車，自己也摔倒在地。（記者邱俊福翻攝）26歲凌姓男子，上月間酒醉騎機車外出買便當時，失控衝撞路邊停放於停車格的整排機車、腳踏車，隨後逃離現場，轄區台北市警松山分局松山派出所據報趕抵了解時，凌男因良心不安，又騎機車重返現場查看，讓處理員警從其穿著一眼認出就是肇事者，且聞到滿身酒味，酒測後依公共危險、肇事逃逸罪嫌送辦。警方調查，上月19日中午，凌男於前晚飲酒未退的狀況下，騎乘機車外出，當行經台北市三民路時，突然失控衝撞路邊停放的整排機車、腳踏車，自己也因此摔車，肇事後，凌男為免警方到場發現，馬上爬起，將被他撞倒在地的多輛機車初步牽回路邊，便趕緊騎車逃離。請繼續往下閱讀...警方據報後，派員抵達後發現多輛機車與腳踏車倒地散落，現場有明顯碰撞跡象，立即調閱周邊監視器，迅速掌握涉案車輛與穿著無袖背心肇事騎士特徵。調查過程中，凌男竟自行騎車返抵現場查看，員警發現凌男後立即上前攔查，確認其外貌特徵與影像一致，且身上散發濃厚酒味，經依程序實施酒精濃度檢測後，其酒測值達1.25mg，遠超法定標準，依公共危險、肇事逃逸罪嫌，當場將該騎士依現行犯逮捕，並帶返所偵辦。熱門賽事、球星動態不漏接    ,https://news.ltn.com.tw/news/society/breakingnews/5264632
高雄雙人組女賊專偷店家愛心箱 警鎖定對象追緝中,社會,2025/12/02 10:08,雙人組女賊專偷店家愛心箱。（源自社會事新聞影音）高雄市出現雙人組女賊，佯裝買飲料一搭一唱，鎖定店家專偷愛心箱，網路社群今流傳2人行竊影片；全案朝向竊盜罪嫌偵辦，警方鎖定對象追緝中。網路社群「社會事新聞影音」今天流傳一段影片，2名女賊到鳳山區文衡路一間飲料店，佯裝購買飲料一搭一唱，趁店員忙碌之際，1人抱走愛心箱，另1人等飲料掩護，一前一後離去。請繼續往下閱讀...店員事發當下，忙著製作飲料，渾然不知愛心箱被偷，事後發現今網路PO文，稱雙人組女賊接連犯案，又現蹤鳳山行竊，提醒大家留意，並請幫忙抓賊。鳳山警方未接獲店家報案，今天檢視網路影片認出2賊，鎖定對象確認為慣竊，擴大調閱監視器畫面，全力追緝中，全案朝向竊盜罪嫌偵辦。影片女賊臉部請打馬賽克，謝謝熱門賽事、球星動態不漏接    ,https://news.ltn.com.tw/news/society/breakingnews/5264615
可買1千包！ 偷一包15元泡麵 法官判罰1萬5千,社會,2025/12/02 10:04,鄭男偷走一包泡麵，判罰1萬5千元。示意照，非本案證物。（資料照）鄭姓男子在廟口見林姓男子的腳踏車置物籃內有一包泡麵，趁著林男不注意，鄭男拿了就走，林男發現籃內泡麵不翼而飛，氣得報警處理，警方調閱廟口監視器影像後，逮到慣竊鄭男送辦，屏東地院認為鄭男素行不佳，依竊盜罪判罰鄭男1萬5千元，可易服勞役及上訴；警方表示，鄭男偷走的泡麵僅價值15元，罰金可買1千包，真是得不償失。鄭男去年6月在屏東市城隍廟口前，看見林姓男子騎乘的腳踏車置物籃內放著一包維力炸醬麵，鄭男竟起貪念，趁著林男不注意，偷走籃內的泡麵，林男回神發現籃內泡麵不見了，氣得報警處理，經警方調閱廟口監視器影像後，發現偷走泡麵的是慣竊鄭男，遂依竊盜罪將鄭男送辦。請繼續往下閱讀...屏東地院認為，鄭男竊盜前科累累，素行不佳，偷走林男泡麵經警方查獲後仍否認犯行，直到法院審理時才坦承，依全案情狀，鄭男犯竊盜罪，處罰金1萬5千元，若易服勞役，以1千元折算1日。熱門賽事、球星動態不漏接    ,https://news.ltn.com.tw/news/society/breakingnews/5264626
租屋開賭場趁房東回收前再撈一筆  北市警3度登門搗破,社會,2025/12/02 10:00,警方查扣現金與麻將等賭具。（記者邱俊福翻攝）一名戴姓男子今年中於台北市中山區社區大樓租屋，暗營麻將賭場牟利，因打麻將聲音擾人與充斥煙味，轄區台北市警中山分局長春路派出所先後2度據報前往查獲，連房東也因此要求收回房子，戴卻抓不怕，趁年底退租前變本加厲天天揪客賭博，日前警方3度搗破，當場逮捕戴男與賭客4名，依法究辦。警方調查，今年6月起，戴男承租該房子後，除自住外，屋內放置兩桌麻將桌，時常於通訊軟體揪客前往賭博，並收取抽頭金牟利，因聲音與濃厚菸味，令許多鄰居不堪其擾，向相關單位舉報。請繼續往下閱讀...警方據報後，7月18日及與10月15日先後前往查緝，2度破獲送辦，住在國外的房東知情後便聯繫戴男要求提早結束一年租約，欲年底請其退租將房屋收回。戴男於年底退租前，為再撈一筆，天天糾集賭客上門聚賭，讓附近鄰居非常反感，警方接獲舉報後，上月26日再次持搜索票執行查緝，將戴男與賭客4名逮捕，並當場查扣不法所得及賭具等相關證物，帶回派出所偵辦。警方提醒，賭博容易造成傾家蕩產，將加強取締力道，持續掃蕩地下賭場，徹底斬斷不法根源，也呼籲民眾切勿投機、心存僥倖。熱門賽事、球星動態不漏接    ,https://news.ltn.com.tw/news/society/breakingnews/5264596
貓咪取暖困引擎室 警民溫馨學貓叫「喵喵喵」助脫困,社會,2025/12/02 09:59,台中一隻貓咪受困引擎室，員警獲報趕來救援，拿出手機播放「貓叫影片」吸引牠，順利協助貓咪脫困。（記者陳建志翻攝）台中一名魏姓男子，上月28日開車出門，突然聽到引擎室傳來貓叫聲，趕緊停車察看，因無法讓貓脫困，擔心繼續行駛會傷害到貓咪，只好向警方求助，員警到場發現是貓咪受困，但試了幾個角度都無法救出貓咪，忽然靈機一動，拿出手機播放貓叫的影片，並跟著學貓叫，終於讓貓咪降低戒心，順利自行爬出引擎室，成功脫困。上月28日，第六分局永福派出所接獲報案，稱有一輛車停在路邊需要協助，員警楊舜閔、洪于翔到場後，原以為是車輛故障或交通事故，沒想到駕駛魏姓男子表示，他開到一半突然聽到引擎室裡傳來貓咪的「喵喵」聲，因為擔心繼續行駛會傷害到牠，只好緊急停車求助。請繼續往下閱讀...員警掀開引擎蓋仔細查看後，果然在角落發現一隻受困的小貓。小貓咪疑似因天氣寒冷，趁車輛停放時鑽進引擎室取暖，被突如其來的引擎聲嚇得縮成一團，怎麼叫都不肯出來，員警與駕駛輪番試了好幾個角度想救援，小貓依然固守不動，一時間讓眾人相當頭痛。正當眾人無計可施時，楊員突然想到網路上眾多「貓叫影片」，決定播放貓叫影片吸引牠，警方、駕駛與民眾此時也一起「學貓叫」，頓時喵喵喵聲此起彼落，場面十分逗趣。果然，小貓聽到熟悉的叫聲後，戒心逐漸降低，也跟著喵喵叫慢慢從角落探出頭，最後順利自行爬出引擎室，成功脫困，圍觀民眾也替牠鬆了一口氣，讓警方達成另類的救援任務。熱門賽事、球星動態不漏接    ,https://news.ltn.com.tw/news/society/breakingnews/5264605
兵分21路！雲林掃蕩改裝飆車集團 牛魔王、AMG全被查扣,社會,2025/12/02 09:57,雲林檢警查獲飆車集團，查扣TOYOTA Supra（牛魔王）、賓士AMG等21輛高價改裝車。（雲林縣警察局提供）雲林縣接連傳出有無牌改裝車利用深夜在轄內多處道路飆車，不僅無視紅燈，且沿路發出「隆隆隆」巨大聲響擾人清夢，雲林檢警組成「斬車」專案小組蒐證，昨（1）日兵分21路到全台各地搜索及拘提，共計帶回21人並查扣包括TOYOTA Supra（牛魔王）等21輛高價改裝車，總價逾數千萬。上月中旬雲林褒忠、土庫、西螺等傳出，有飆車族在深夜凌晨在台19線等道路飆車，飆車族無視路上其他用路人及號誌，民眾將飆車族目無法紀的行徑PO上地方社群，引起熱議，警方也接獲10多件民眾報案，當時正值議會定期會期間，議員王鈺齊等人也在議會要求警方嚴查。請繼續往下閱讀...警方調閱路口監視器，飆車的車輛約有1、20輛，多為無牌改裝車輛，且遇警即四處流竄，再利用社群軟體號召聚集，他們沿著國道、台78快速道路下台19線後拆掉車牌即沿著台19狂飆。雲林縣警察局交通隊長詹百平表示，警方組成專案小組，報請雲林地檢署指揮偵辦，經過多日查偵、蒐證，昨天出動80多名警力，兵分21路前往全台各縣市搜索及拘提，共計帶回21人、查扣21輛改裝車，且在車上查獲愷它命24包，偵訊後依公共危險罪嫌、毒品危害防制條例移送法辦。警方查扣21輛改裝車中，有改裝牛魔王2輛、賓士AMG4輛、BMW5系列1輛、阿法1輛、福斯golf2輛，11輛國產房車，總價逾數千萬元。雲林縣警察局長黃富村強調，針對競速或危險駕駛行為，警方將持續運用科技執法、調閱監視器等方式蒐證，並依公共危險罪送辦，另擅自改裝排氣管、拆除或遮蔽車牌等違規行為，依《道路交通管理處罰條例》從重開罰，最高可罰3萬6000元。熱門賽事、球星動態不漏接    ,https://news.ltn.com.tw/news/society/breakingnews/5264610
屏東首起普發1萬盜領案 竟是前妻領走遭送辦,社會,2025/12/02 09:39,蘇女前往提領及離開畫面。（屏縣里港警分局提供）家住屏縣鹽埔鄉的陳姓男子日前2次至郵局欲領取政府普發1萬元現金，均被告知該筆金額已遭不詳人士從提款機取走，於是向警方報案，里港警分局獲報後立即函文財政部確認該筆金額是以郵局金融卡於台新銀行的ATM所領出，於是向該銀行查詢，確認遭盜領時間、地點為11月18日12時30分在某24小時連鎖超商鹽埔鄉加盟店，警方旋即調閱相關影像，查出盜領嫌犯為陳男前妻蘇女。陳男表示，其郵局金融卡一直由前妻保管，且因久未使用早已被鎖卡，以為無法由金融卡領取普發1萬元，才會前往郵局臨櫃領現，得知是前妻盜領後表示不願提出告訴。警方表示，但其前妻所犯罪名為非告訴乃論罪，全案依涉及竊盜罪嫌移送台灣屏東地方檢察署偵辦。請繼續往下閱讀...該案為屏東縣首起普發1萬盜領案，里港警分局相當重視，男子一開始曾經詢問前妻但遭否認，經警方深入追查仍迅速偵破釐清案情，警方提醒，領取普發1萬金融卡僅做為身分認證，只需要金融卡、健保卡號碼及身分證字號，即可至ATM領取，帳戶本身不會有金流顯示，與金融卡有無遭鎖卡無關；另外也提醒民眾務必妥慎保管金融帳戶、金融卡、健保卡、身分證等個人重要物品，切勿任意交付他人，避免遭不當使用甚至從事詐騙情事。警方維護民眾提領安全。（屏縣里港警分局提供）熱門賽事、球星動態不漏接    ,https://news.ltn.com.tw/news/society/breakingnews/5264592
毒品唾液快篩上路！ 大雅警讓毒駕無所遁形,社會,2025/12/02 09:37,「毒品唾液快篩試劑」11月19日上路！（民眾提供）「毒品唾液快篩試劑」11月19日上路！台中市大雅警分局員警日前在潭子區進行交通安全取締時，闖紅燈的林姓男子經唾液毒品快篩，甲基安非他命呈現陽性反應，警方立即將其帶返分局進一步採證及製作筆錄，後續將依法移送偵辦。大雅警分局於11月23日在潭子區仁愛路段執行交通安全取締時，發現林男（47歲）騎機車闖紅燈且行車軌跡不穩，隨即示意其靠邊受檢，盤查過程，林男情緒緊繃、語氣閃爍，且身體不自主顫抖，警方遂依程序啟動「唾液毒品快篩」檢測，經檢測結果顯示，男子唾液中對甲基安非他命呈現陽性反應。請繼續往下閱讀...大雅警分局指出，以往毒駕案件多需依賴帶回驗尿採證，不僅程序繁複、耗時，也可能因延誤採檢而影響精準度。新制上路後，有助於加速道路毒駕查核程序，大幅提升交通安全與執法效率，因唾液快篩具有檢測時間短、程序簡便等特性，在道路端即時判斷駕駛人是否有施用毒品之嫌，有效提升執法效率，進而達到「人車分離」目的，有效避免毒駕造成其他用路人的危害。大雅警分局指出毒品駕車的危害不亞於酒駕，駕駛人施用毒品後會有判斷力下降、反應遲鈍等症狀，往往會形成重大道路交通事故的主因，故為確保用路人安全，未來大雅警分局將持續運用毒品唾液快篩試劑強化查緝能量，展現打擊毒駕的決心，也提醒民眾切勿心存僥倖、施用毒品後駕車，一旦查獲將依法嚴辦，絕不寬貸。大雅警分局員警在潭子區進行交通安全取締時，查獲林男毒駕。（民眾提供）熱門賽事、球星動態不漏接    ,https://news.ltn.com.tw/news/society/breakingnews/5264593
凌晨載女友人夜遊疑車速太快打滑自撞 22歲男駕駛傷重不治,社會,2025/12/02 09:30,救護人員將李男救出時，已無生命跡象。（記者吳昇儒翻攝）22歲李姓男子今日凌晨駕車載著游姓女友人準備前往金山地區，行經台二線52公里處時，疑因過彎時車速過快打滑，自撞路旁護欄後，逆向停放於外側車道。救護人員趕抵現場時，發現李男無生命徵象，送往醫院搶救後，不治身亡。副駕駛座的游女送醫救治後已無生命危險。警方目前已調閱周邊監視器，並對游女製作筆錄，釐清事故原因。救護人員趕抵現場時，發現李男已經昏迷，從車內救出時已無呼吸、心跳，緊急送往基隆長庚醫院搶救，凌晨4時許，宣告不治。請繼續往下閱讀...警方調查，李男於凌晨2時50分駕車行經該路段時，疑因過彎車速過快，加上路面濕滑，導致輪胎打滑，直接撞上路旁護欄，因撞擊力道猛烈，造成死傷。而副駕駛座的游姓女子，則於車輛撞擊時受到擦、挫傷，經送醫救治後，已無生命危險。據悉，警方為釐清死者有無酒駕情形，對其抽血檢測，經確認後，並無酒駕；目前已調閱周邊監視器，並於現場蒐證，釐清事故原因。車輛撞擊力道猛烈，車頭嚴重變形。（記者吳昇儒翻攝）撞擊力道猛烈，道路上均是車體碎片。（記者吳昇儒翻攝）熱門賽事、球星動態不漏接    ,https://news.ltn.com.tw/news/society/breakingnews/5264581
出差妻子提早回家給驚喜  赫見老公帶小三回家床戰,社會,2025/12/02 09:29,出差妻子提早回家給驚喜，赫見老公帶小三回家床戰！（情境照）新竹縣王女到南部出差提早回家，想給先生一個驚喜，沒想到竟赫見先生帶小三進門，且浴室內還有用過的保險套，先生坦承多次帶小三回家床戰，王女憤而向二人連帶求償百萬，更與先生離婚，新竹地院判二人需連帶賠償王女60萬元。111年結婚的王女說，今年6月22日凌晨提早從台南返回新竹縣竹北市家中時，發覺家中有異樣，5分鐘後，先生廖男竟帶陌生女子江女進入家中，她在客房衛浴中發現一袋用過的保險套、衛生紙及江女配戴的變色鏡片，經質問下廖男坦承不忠。請繼續往下閱讀...經她調閱大樓監視器畫面後，發現二人於5月10日、11日、31日、6月21日四度進入家中發生性行為。被告二人破壞原告婚姻家庭生活之圓滿、安全、幸福，侵害原告之配偶權，造成原告莫大精神痛苦，憤而對二人連帶求償100萬元。廖男雖不否認帶江女回家被妻子撞見，聲稱二人透過交友軟體認識，起初僅為一般網友聊天，熟識後乃邀請到家中聊天，然並無發生性行為。然被告二人不否認電梯內親吻照片確為二人，法官認為二人於密閉空間電梯內親吻，依一般社會通念，顯已逾越一般男女正常交往之分際，自係不法侵害原告之配偶權。況被告二人多次進入夫妻住處，更為原告當場撞見，原告追問先生與江女發生幾次性關係，廖男亦回應四、五次，且要求原告再給他一次機會，被告二人侵害原告配偶權行為，堪以認定。事發不久，王女與廖男即已離婚，法官判二人需連帶賠償精神慰撫金60萬元。熱門賽事、球星動態不漏接    ,https://news.ltn.com.tw/news/society/breakingnews/5264584
海巡查緝隊員海上執勤意識不清 空勤吊掛後送,社會,2025/12/02 09:24,海巡署第10海巡隊艦艇在東引東南面約136海浬執勤時，一名基隆查緝隊員突然上吐下瀉、意識不清由直昇機緊急救援成功。（空勤花蓮提供）內政部空中勤務總隊昨晚接獲海巡署艦艇在東引東南面約136海浬執勤時（約250公里、宜蘭外海），查緝隊員突然上吐下瀉、意識不清極需就醫，空勤花蓮駐地黑鷹直昇機立即出勤前往救援，於晚間9點35分順利把患者吊掛入艙，並降落松山機場把患者交由消防人員接駁送醫治療。空中勤務總隊花蓮駐地勤務第一大隊今指出，昨晚6點30分左右接獲總隊通知，海巡署第10海巡隊艦艇在東引東南面約136海浬執勤時，一名基隆查緝隊員突然上吐下瀉、意識不清極需就醫，立即派遣UH-60M-14黑鷹直升機編號NA-711號機執行任務，直升機於晚間7點47起飛，9點12分飛抵目標區。請繼續往下閱讀...空勤花蓮駐地指出，依週邊海域及海象狀況完成高、低空偵察及風險評估並完成救援提示開始吊籃吊掛作業。昨晚9點35完成入艙返回花蓮機場，期間由海巡搜救員執行病患意識評估、給氧治療與八大生命徵候檢測，於晚間10點10分落松山機場，病患轉由警消協助後送醫療，任務圓滿完成。海巡署第10海巡隊艦艇在東引東南面約136海浬執勤時，一名基隆查緝隊員突然上吐下瀉、意識不清由直昇機緊急救援成功。（空勤花蓮提供）海巡署第10海巡隊艦艇在東引東南面約136海浬執勤時，一名基隆查緝隊員突然上吐下瀉、意識不清由直昇機緊急救援成功。（空勤花蓮提供）熱門賽事、球星動態不漏接    ,https://news.ltn.com.tw/news/society/breakingnews/5264579
竹南衝浪手機遭竊2個月後被送修 通訊行報警逮人,社會,2025/12/02 08:38,苗栗地院依犯侵占離本人所持有之物罪，處張男罰金1萬2000元。（資料照）鄭姓男子到苗栗縣竹南鎮假日之森衝浪，他放有手機、汽車鑰匙、現金3000元及隨身衣物的束口包遭竊，報警處理。警方於2個月後，接獲竹南鎮一家手機行通報，有人持鄭男遭竊的手機送修，前往將送修人張姓男子逮捕，依竊盜罪嫌送辦；張男稱手機是撿來的，也無事證認定張男是竊嫌，不過他仍犯侵占離本人所持有之物罪，被法官判處罰金1萬2000元。鄭男於去年12月6日到竹南假日之森衝浪，於當天上午10點到11點間，發現攜帶前往的黑色束口包不翼而飛，內有三星S24 Ultra手機一支、汽車鑰匙、現金3000元、隨身衣物。鄭男報警處理，財損約5萬元。請繼續往下閱讀...今年1月初，警方接獲竹南鎮一家手機通訊行通報，指有人持手機送修，店內維修技師發現是失竊物，警方前往將送修人張男逮捕，並查出該支送修手機是2個月前鄭男遭竊的三星S24 Ultra手機，將他依竊盜罪嫌送辦。法庭上，張男稱，該支手機是他在假日之森海灘上撿到的，並不是偷竊所得。法官調查，被害人鄭男並無目擊到束口包遭竊過程，現場也無監視器畫面拍攝到竊嫌犯案過程，難認張男就是竊嫌。然法官認為，張男貪圖一己私利，將鄭男遭竊之手機侵占入己，缺乏尊重他人財產權之正確價值觀念，實有可議，依犯侵占離本人所持有之物罪，處張男罰金1萬2000元，如易服勞役，以1000元折算1日。全案可上訴。熱門賽事、球星動態不漏接    ,https://news.ltn.com.tw/news/society/breakingnews/5264527
欠稅法拍「1元起標」！BMW Z3跑車+63小家電21.1萬售出,社會,2025/12/02 08:34,行政執行署宜蘭分署拍賣基隆市卓姓男子名下BMW Z3雙座跑車，車內保養得宜，吸引11組民眾競標。（行政執行署宜蘭分署提供）基隆市卓姓男子因欠繳營業稅及罰鍰合計171萬餘元未繳納，經移送機關財政部北區國稅局信義稽徵所移送行政執行署宜蘭分署執行。查封其名下BMW Z3雙座跑車及吸塵器、電烤箱、電子鍋、果汁機等自購或受贈之小家電合計63組於昨（1）日「1元起標」吸引來自基隆在地、台北、新北、桃園及遠從高雄前來民眾共11組人馬搶標，最終21.1萬元拍定。法務部行政執行署宜蘭分署指出，現場有電烤箱、吸塵器、電子鍋、果汁調理機，當中熱度最高的就是BMW Z3，雖稍有年份，但車輛保養得宜，買到就可以直接開回家，一路喊到21.1萬元，最終由桃園的民眾拍定。請繼續往下閱讀...宜蘭分署表示每月第1週、星期2、下午3時於宜蘭市中山路二段261號舉辦「123」聯合拍賣活動，拍賣宜蘭地區動產及不動產。聯合拍賣之前一日，則於基隆辦公室即基隆市東信路169號舉辦基隆市及新北市金山、萬里、平溪、雙溪、瑞芳、貢寮區之動產、不動產拍賣。行政執行署宜蘭分署拍賣基隆市卓姓男子名下BMW Z3雙座跑車，競標民眾前往現場看車。（行政執行署宜蘭分署提供）行政執行署宜蘭分署拍賣基隆市卓姓男子名下動產，現場熱度最高的就是BMW Z3跑車，因保養得宜，可直接駕駛。（行政執行署宜蘭分署提供）行政執行署宜蘭分署拍賣基隆市卓姓男子名下動產，許多小家電均全新未開封。（行政執行署宜蘭分署提供）熱門賽事、球星動態不漏接    ,https://news.ltn.com.tw/news/society/breakingnews/5264515
連開16槍擊斃通緝犯！ 槍手楊云豪偷渡出境遭通緝,社會,2025/12/02 08:16,高雄詐欺通緝犯羅天義在女友住處附近遛狗慘遭槍手開十六槍斃命。（資料照）高雄詐欺通緝犯羅天義在女友住處附近遛狗慘遭槍手開16槍斃命，檢警專案小組經過一個多月抽絲剝繭，追查出槍手是年僅27歲的楊云豪自北部南下埋伏狙擊，經安排白牌車逃逸，最後從屏東乘漁船偷渡出境，橋頭地檢署上月28日發布通緝，檢警仍持續追查幕後影武者。專案小組調查，死者羅天義於8月22日在高市左營區透天豪宅前遛狗，慘遭槍手狙殺16槍，身中4槍不治，檢警專案小組懷疑命案和龐大的毒品利益糾葛有關，動員數百警力自北到南調閱路口監視器，連港口、山區監視器也不放過。請繼續往下閱讀...高市警方動員刑大等單位，包括南下犯案路線、狙擊後逃逸路徑，以及坐「桶仔」（CT2型漁船）等路線，全部都掌握監視影像，至少帶回10多名「白牌車」司機，以及買賣犯案BMW權利車的人頭、出金人士。檢警不斷與時間賽跑，帶回2、30名涉案人員並羈押多人，只可惜還是讓凶手在9月2日坐「桶仔」離境，專案人員持續追查，檢警最後查出槍手是來自新北的楊云豪，他現年僅27歲，混跡三重、土城一帶，曾擔任詐團車手，涉及與同夥押人逼債。高雄通緝犯遭槍擊命案凶嫌偷渡，檢警遠赴小琉球逮助逃共犯船長，槍手棄車逃逸。 （資料照）熱門賽事、球星動態不漏接    ,https://news.ltn.com.tw/news/society/breakingnews/5264516
闆娘出軌員工還要小孩喊爸 遭告反控綠帽夫先嫖妓,社會,2025/12/02 08:05,台中一名餐廳老闆娘出軌男員工，先生提告但太太反控先生家暴、嫖妓，不過台中地院認定侵害配偶權屬實，判決連帶賠償10萬元。（記者陳建志攝）台中一名餐廳的老闆娘「小芬」（化名）出軌餐廳員工「阿明」（化名），除一同出遊同住、喊「老婆」，還坦承開房間4、5次，但否認發生關係，老公「阿旺」（化名）得知氣炸提告，要兩人連帶賠償80萬元，不過小芬反控阿旺對她家暴還嫖妓，兩人早已在談離婚，但台中地院審理後，認定小芬、阿明已逾越正常男女交往，侵害配偶權屬實，判決應連帶賠償10萬元。判決指出，「阿旺」與「小芬」是夫妻，「阿明」則是餐廳員工，小芬卻暗中與阿明交往、一同出遊同住，阿明除叫小芬「老婆」，小芬也要小孩喊阿明「爸爸」，阿明並打視訊電話要求小芬脫衣服給他看，阿旺得知綠雲罩頂提告侵害配偶權，要求兩人連帶賠償80萬元。請繼續往下閱讀...小芬審理時則反擊，指兩人婚姻關係不佳，是阿旺先在2023年7月16日對他家暴，並在同年12月嫖妓，兩人婚姻關係已破裂，因此在2024年已經多次談離婚，且在同年4月22日阿旺本已在離婚協議書上簽名要跟他離婚，但隔天卻又對她家暴，造成她左手受傷，為了要趕快離婚才會說一些誇大的話氣他，並質疑先生所提出的對話造假，未能舉證她與阿明有不正當往來。阿明雖經法院通知，但未於言詞辯論時到場，也未提出書狀作任何聲明或陳述，形同自認。台中地院法官依據阿旺與小芬的對話，「我跟他除了打炮其他都做過了」、「全部做過就是正常情侶會做的」、「不會親不會抱嗎」，並坦承與阿明有開過4、5次房間，不過沒有發生性關係，認定兩人有親吻、摟抱等如同情侶間親密互動，已超乎社會一般人認定的男女交往，認定侵害配偶權屬實，判決兩人應連帶賠償10萬元，可上訴。熱門賽事、球星動態不漏接    ,https://news.ltn.com.tw/news/society/breakingnews/5264519
獸鋏捕鼠傷了流浪狗  農夫挨罰訴訟求翻案2連敗,社會,2025/12/02 07:02,吳姓農夫設獸鋏捕捉田鼠，導致流浪狗受傷，被市府處罰罰金，他不服上訴，被高雄高等行政法院駁回並定讞。（記者鮑建信攝）農夫吳男在住處對面農地設置獸鋏捕捉老鼠，卻夾傷2隻狗，被台南市府依違反野生動物保育法及動保法開罰1萬5000元，他不服，打行政官司，被高雄高等行政法院接連判決敗訴並定讞。據了解，吳姓農夫在台南市偏鄉耕田，因農地經常遭受田鼠破壞，於是在住處對面農地，設置獸鋏捕捉，不料卻夾傷誤踩的2隻流浪犬，經民眾發現後，在2023年5月27日，向市府動物防疫保護處報案。請繼續往下閱讀...承辦人員前往調查，吳男確有設置獸鋏移除鼠害行為，但未設置任何圍籬、圍欄避免其他動物進入農地，致使流浪狗受傷，開罰1萬5000元。吳男不服指出，田裡合法設置捕鼠鋏，遭外來野狗闖入被夾住受傷，並已表明動機及檢附相關證據，市府依違反野生動物保育法及動保法處罰，明顯違反法令，要求法官還他公道。高雄高等行政法院簡易庭，判決吳男敗訴後，他仍不服上訴，簡易上訴庭調查，市府處罰依法有據，並無不當，駁回上訴，全案落幕。熱門賽事、球星動態不漏接    ,https://news.ltn.com.tw/news/society/breakingnews/5264490
蘆洲義消傳賭博、喝酒詐領救災費 新北消防局除名7人送辦,社會,2025/12/02 06:26,新北市消防局獲報義消蘆洲分隊有人在駐地賭博、喝酒，認定該義消副分隊長、幹事及隊員共7人涉及不法，除將7人退隊，也函送法辦。（擷取自Google Maps）首次上稿 12-01 22:31更新時間 12-02 06:26新北市義消總隊蘆洲分隊一名副分隊長被隊員檢舉在駐地賭博、喝酒，去年林口南亞大火2天救災未出勤，竟涉嫌溢領協勤鐘點、救災費；新北市消防局民力運用科接獲報展開自清自檢，認定義消副分隊長、幹事及隊員共7人涉及不法，除將7人退隊，也函送法辦，以免少數義消偏差行徑，影響整體士氣。請繼續往下閱讀...據透露，新北義消第三大隊蘆洲義消編制兩位副分隊長，其中一人及義消幹事及隊員共7人被爆料，去年消防局第二大隊轄區林口南亞廠大火，涉案的副分隊長未出動協勤救災，卻於分隊報到後，與幾名義消在義消隊部協勤室喝酒、打牌，甚至詐領3小時救災費及5小時協勤費，看在辛苦救災累癱的義消眼中，格外刺眼，憤而向消防分隊幹事反映。新北市消防局民力運用科表示，當時接獲情資，便主動介入了解，列管在案，近來社群披露義消副分隊長「沒救災打火，詐領鐘點、救災費…」後，義消出面承認或作證，約談涉案的7人，都承認救災集合後，待命時在駐地賭博、喝酒，未出勤卻領取救災費。消防局將7名義消退隊、除名，追討詐領救災費、鐘點費及服務證，並依偽造文書、貪汙等罪嫌送辦，一併追究相關督導不周連帶責任。熱門賽事、球星動態不漏接    ,https://news.ltn.com.tw/news/society/breakingnews/5264424
獨家》艋舺喋血！天道盟大咖「黑狗」雙腿腳筋斷  2嫌冷笑留原地就逮,社會,2025/12/02 06:00,天道盟綽號「黑狗」的重量級賴姓份子1日午間在台北市中華路1家大樓停車場內被伏擊，雙腿被斷腳筋，2名刀客作案後並未離開現場，被據報趕到的萬華分局（見圖）員警當場逮獲。（資料照）首次上稿 12-01 23:04更新時間 12-02 06:00天道盟綽號「黑狗」的重量級賴姓份子昨（1）日午間在台北市中華路1家大樓停車場內，被2名年輕刀手伏擊，雙腿挨刀，傷口深可見骨，腳筋被斷，倒地哀嚎。2名嫌犯作案後未離開現場，被據報趕到的萬華分局員警當場逮獲。請繼續往下閱讀...據了解，天道盟重量級份子「寶勝」生前曾與「黑狗」有重大恩怨，昨天上午才在新北市立殯儀館出殯，隨後就發生賴男被廢雙腳的情事，警方不排除是「寶勝」的小弟發動報復，也算是幫已逝老大昔日恩怨畫下句點。據了解，50餘歲的「黑狗」行事狠辣，作風卻很神秘，還改過1次名字，外界很少人知道他的真實姓名，連警方都很難掌握，最終都以「黑狗」的諢號作為代稱。據了解，天道盟不倒會大哥「寶勝」高寶勝被江湖推稱為「南萬華教父」，10月14日因膽囊癌離世。由於他在萬華一帶擁有很高的輩分和地位，許多意外的糾葛常會莫名找上他背鍋。警界指出，「黑狗」就是因江湖事和「寶勝」不合，據傳「黑狗」曾設計羞辱「寶勝」，此事後來被各方勢力居中「按捺下」，但一直是「寶勝」難以吞忍的一樁江湖事。據了解，「寶勝」昨天上午在新北市板橋殯儀館出殯，期間各方重要黑道份子前往致意。「黑狗」也是在中午時段獨自走入台北市中華路一段某大樓地下停車場時，突然遭背後尾隨的2名年輕人揮刀砍刺，10多刀全部朝他下半身劃刺，「黑狗」雙腿腳筋全斷裂，刀傷可見骨，「黑狗」趴在地上哀嚎不已。2名刀客作案後並未逃離現場，囂張滯留在案發地點。萬華分局據報到場，當場將2名刀客逮捕，全案現仍深入調查中。替義父完成心願？「南萬華教父」剛辦完告別式 義子砍斷仇家腳筋熱門賽事、球星動態不漏接    ,https://news.ltn.com.tw/news/society/breakingnews/5264449
朱學恒提前出監 身形暴瘦一圈,社會,2025/12/02 05:30,名嘴朱學恒昨天上午步出北監時身形暴瘦一圈。（記者鄭淑婷攝）名嘴朱學恒因強制猥褻罪被判處十一月徒刑定讞，一月廿四日入獄後原定十二月廿三日期滿出監，服刑期間因表現良好獲縮短刑期，提前廿二天在昨天出獄重獲自由。朱學恒昨天上午大約十一點半步出北監時身形暴瘦一圈，快認不出人，對於是否有要跟被害人道歉、以後還會喝酒嗎等問題，朱學恒僅回說：「麻煩各位費心了，謝謝。」深深一鞠躬後，坐上友人車輛離去。請繼續往下閱讀...（文：記者鄭淑婷）熱門賽事、球星動態不漏接    ,https://news.ltn.com.tw/news/society/paper/1734345
母女為上億家產夥人重擊姑姑判刑／「華爾街女神」母親 又涉偽造本票1.2億,社會,2025/12/02 05:30,「華爾街女神」陳莉婷。 （資料照）害姑姑財產差點被查封自稱靠投資美股賺到上億元身家的「華爾街女神」陳莉婷與其母胡青青，為了爭奪上億元家產，夥同友人用鐵鎚重擊陳姓姑姑頭部，一、二審法院依殺人未遂罪，判兩人各八年徒刑，撿回一命的陳女另發現遭胡女冒簽一‧二億元本票，害她財產差點被查封，台北地檢署昨依涉犯偽造有價證券罪起訴胡青青。母胡青青 依偽造有價證券罪起訴陳莉婷在臉書自稱「Great老師」，是台大地質系和化工系雙主修畢業的高材生，並聲稱從交易台股起家，金融海嘯後轉戰美股，靠著放空、槓桿操作、外匯及期貨等投資手法，十年從十萬元資本賺到上億身家，曾在華爾街一週內賺五十萬美金，被稱為「華爾街女神」。請繼續往下閱讀...陳莉婷稱投資美股賺到上億不過，二〇二二年間，陳涉騙走姑姑的身分證，並將她名下房產設定抵押給某公司，再冒名提款；陳及母新胡女後來因不滿小姑提告，竟於二〇二三年找來共犯趁小姑返家搭電梯時，從後方用鐵鎚襲擊後腦，再將其強拉到逃生梯間，猛烈敲擊頭部，被害者嚇得尖叫呼救，驚動鄰居報警，眾人才停手。一審台北地院依殺人未遂罪重判胡、陳各八年徒刑，另依傷害罪判陳一年一月、胡一年徒刑；高等法院維持原判決，傷害罪已經判刑確定，殺人未遂罪部分，上訴最高法院後發回更審。檢方另查出，兩人涉二〇二二年間調包小姑身分證，由陳莉婷假冒養女，拿偽造印章申辦印鑑證明，多次冒用小姑身分盜用銀行數百萬元、抵押房產借貸，去年才被依偽造有價證券等罪起訴；被害者懷疑不只這件，到司法院法學資料檢索系統查詢，果然又發現二〇二三年間，胡假冒她的名義偽造一張面額一‧二億本票而提告。熱門賽事、球星動態不漏接    ,https://news.ltn.com.tw/news/society/paper/1734343
「無國界女醫」詐377萬 婦當車手判2年半,社會,2025/12/02 05:30,70歲戴姓女子當車手，南投地院判處戴女2年6月有期徒刑，併科罰金35萬元。（資料照）南投縣七十歲戴姓婦人充當詐團車手，佯裝貨運人員，前後六次送包裹給陷入網路感情詐騙的李姓男子，請他代「無國界女醫師」收包裹，並代繳費用共三七七萬元，李男為此還借貸二百萬元，戴女當車手共分到一萬八千多元，近日被南投地院依洗錢罪判刑二年六個月，併科罰金三十五萬元。現年七十歲、有大學畢業學歷的戴姓女子，加入詐騙集團當車手，二〇二三年六月五日至同年八月五日期間，由暱稱「李紅」女子，以通訊軟體聯絡李姓男子，李女假扮無國界醫師，請李男代她收受裝有美金的包裹，戴女假裝是貨運公司送貨人員，到李男家中送國際包裹，要李男繳交費用，才能代為收受高價包裹。李男信以為真，先後六次交付新台幣共三七六萬餘元給戴女。戴女收到錢後，到高雄市某處將收取詐欺贓款轉交「李紅」，製造金流斷點。請繼續往下閱讀...李姓男子遭感情詐騙數月，直到告知「李紅」沒有錢再幫忙收包裹，對方即不再聯繫，李男終於夢醒報案。戴女被多個地檢署通緝，今年八月下旬才到案，至今羈押中，南投地院法官審酌戴女當車手，收取十萬元可分得其中五百元，合計收了一萬八千多元，造成李姓被害人高達三七六萬餘元的財產上損害，更背負二百萬元債務，以洗錢罪判處戴女二年六個月有期徒刑，併科罰金三十五萬元。☆自由時報電子報提醒您，防詐騙專線︰165，報案專線︰110☆熱門賽事、球星動態不漏接    ,https://news.ltn.com.tw/news/society/paper/1734344
預謀殺全家》撞斷姊夫腿 丟瓦斯桶燒姊姊／法官︰「無人亡純屬被告僥倖」運將重判,社會,2025/12/02 05:30,新竹地院法官感嘆一連串殺人計畫未致人於死，「純屬被告僥倖」，依殺人未遂罪重判陳男有期徒刑十年。（資料照）不滿姊處理母親遺產起糾紛新竹縣陳姓計程車司機不滿姊姊處理母親遺產而起糾紛，竟預謀殺害姊姊全家人，陳男先開計程車撞姊夫夾牆使腿斷掉變形，又上門丟汽油彈與瓦斯桶想燒死姊姊與姊姊的女兒，所幸無人死亡，讓新竹地院法官感嘆一連串殺人計畫未致人於死，「純屬被告僥倖」，依殺人未遂罪重判陳男有期徒刑十年。陳男依殺人未遂罪 判10年法官調查，二〇二二年陳男將鍊住的黑狗活活餓死、渴死，被新竹地院依違反動保法判刑二月併科罰金廿萬元。隔年陳男對姻親砸汽油彈成傷後，再持空氣槍追殺，又被依傷害與毀損罪判刑。請繼續往下閱讀...去年二月，陳男因不滿母親遺產分配結果，欲報復協助處理的姊姊，先到姊姊陳女家，開計程車衝撞姊夫擠壓到圍牆，將姊夫的腿撞斷變形，姊夫則卡在車與牆中間無法動彈。陳女與女兒聽聞慘叫聲跑出查看，陳男打開四公斤瓦斯桶使之成為噴火狀態，見姊姊與外甥女嚇得轉身跑回住家，陳男將瓦斯桶丟進姊姊家，又再從車上搬十公斤瓦斯桶丟進去，接著點燃汽油彈放在姊姊家門口。陳女女兒與女婿見狀逃出住家，想救夾在牆邊的父親，陳男為阻止，竟持鐮刀追殺二人，夫妻倆奮力將陳男壓制。陳男落網稱「想要燒死姊姊」陳男落網時供稱，他與姊姊有深仇大恨，他當時想把整棟房子燒掉，想要燒死姊姊。陳男告訴法官，母親過世後繼承問題應該要大家坐下來談，本來長輩講好他跟哥哥一人分一塊土地，後來姊姊自己找代書把事情處理掉，變成一棟房屋給他哥哥，剩下的土地共同持有，姊姊把他弄到家裡都破碎，為此遺產糾紛，讓陳男對姊姊懷有置之於死地的強烈恨意。合議庭審酌陳男不思理性解決兄弟間遺產繼承糾紛，竟遷怒協助處理的姊姊，罔顧姊姊全家人生命，先開車衝撞姊夫，又拿瓦斯桶、汽油彈對姊姊家放火，嚴重動搖社會安全，其殺人犯行雖未致人於死，但此「純屬被告僥倖」，最後依殺人未遂罪重判有期徒刑十年。熱門賽事、球星動態不漏接    ,https://news.ltn.com.tw/news/society/paper/1734339
違停買鹹酥雞 玉里警「唾液快篩」查獲槍毒,社會,2025/12/02 05:30,花蓮縣警察局玉里分局富里分駐所執行巡邏勤務時，看到一部銀色汽車違規停車買鹹酥雞，上前盤查發現駕駛神色慌張，員警發現車內有疑似毒品包裝，要求駕駛接受「唾液毒品快篩試劑」，當場確認卅三歲陳姓男子涉嫌毒駕，進一步搜出改造手槍、安非他命，這是毒駕新制實施後首起查獲案例，全案依毒品危害防制條例、槍砲彈藥刀械管制條例及毒駕製單舉發。玉里警分局指出，上月廿九日晚間富里分駐所執行巡邏勤務，行經富里鄉中山路，發現一部銀色汽車違規停車，員警立即上前盤查，當時駕駛座上坐著陳姓男子，兩名乘客則到對面店家購買鹹酥雞，員警要求陳男出示證件時，發現他神情明顯閃爍且相當緊張。請繼續往下閱讀...員警進一步查看車內，發現一包疑似二級毒品安非他命，當場高度懷疑陳男涉及毒駕，由於內政部警政署自上月廿日起全面啟用「唾液毒品快篩試劑」，員警依新制規定以唾液毒品快篩，初篩結果呈陽性反應涉嫌毒駕，將依法開罰；進一步搜索並發現其交通工具藏有二顆子彈及一把改造手槍。熱門賽事、球星動態不漏接    ,https://news.ltn.com.tw/news/society/paper/1734312
繼承遺產受侵害可依民法主張權益／律師：可訴請應繼分或特留分裁判,社會,2025/12/02 05:30,律師建議繼承遺產受侵害時，可依民法規定依法主張權益。（資料照）新竹縣傳出長輩生前未分配遺產，導致兒子不滿姊姊插手處理遺產分配不公，竟懷恨預謀殺害姊姊全家人的人倫慘劇，資深律師錢炳村根據多年實務經驗表示，長輩生前有無預留遺囑，身後有不同的處理方式，民法有詳盡的規定，子孫依法主張權益，就不會出問題。在沒有遺囑的情況下，民法第一一三八條規定，遺產繼承人除配偶外，順序為一、直系血親卑親屬。二、父母。三、兄弟姊妹。四、祖父母。請繼續往下閱讀...民法第一一四四條規定，配偶有相互繼承遺產之權，其應繼分與直系血親卑親屬同為繼承時，其應繼分與他繼承人平均。與父母或兄弟姊妹同為繼承時，其應繼分為遺產二分之一。與祖父母同為繼承時，其應繼分為遺產三分之二。無第一至第四順序繼承人時，其應繼分為遺產全部。如果長輩有預留遺囑，繼承人的特留分依民法第一二二三條規定：直系血親卑親屬特留分為其應繼分二分之一。父母特留分為其應繼分二分之一。配偶特留分為其應繼分二分之一。兄弟姊妹特留分為其應繼分三分之一。祖父母特留分為其應繼分三分之一。錢炳村表示，如果繼承人認為自己的權益遭受侵害，可用應繼分或特留分來檢視，必要時訴請法院裁判，就可以充分維持自身權益。熱門賽事、球星動態不漏接    ,https://news.ltn.com.tw/news/society/paper/1734340
大罷免連署站前催油門燒胎／賓士男挑釁 判拘45天,社會,2025/12/02 05:30,徐男駕駛賓士車（紅圈處）於今年五月在苗栗市日新街停等紅燈時猛催油門「燒胎」，引發大量煙霧；嚇壞一旁罷團連署店家志工。（記者彭健禮翻攝）公民團體「苗栗國罷免立委連線」於推動罷免苗栗縣籍藍營立委期間，獲苗栗市日新街一店家響應，提供作為罷免連署站點；今年五月間，卻發生一輛賓士車於店門前猛催油門「燒胎」情事，罷團質疑是挑釁與威脅。苗栗警方追查駕駛四十三歲徐姓男子到案，他稱「測試車輛性能」；苗栗地方法院審理，認他犯妨害公眾往來安全罪，處拘役四十五日。徐男觸犯妨害公眾往來安全罪大罷免行動今年於全國如火如荼展開，「苗栗國罷免立委連線」推動苗栗第一選區無黨籍立委陳超明、第二選區國民黨籍立委邱鎮軍罷免案。但五月九日上午九點廿二分許，位於苗栗市日新街的罷免連署據點店家前，上演一輛賓士車在街頭猛催油門「燒胎」（駕駛在汽車靜止狀態下讓輪胎空轉磨擦路面）情事，嚇壞店家志工，罷團於網路發文質疑是對罷免行動的挑釁與威脅。請繼續往下閱讀...苗栗警方透過監視器影像以車追人 苗栗警分局網路巡邏發現此情，報請苗栗地檢署指揮偵辦，透過監視器影像以車追人，將賓士車駕駛徐男追查到案；徐男聲稱，欲測試車輛性能，於停等紅燈臨時才起意「燒胎」。檢方將他依妨害公眾往來安全罪嫌起訴。法官認為徐男在道路「燒胎」之駕駛行為，對往來車輛及用路人造成可能發生車禍及傷亡之危險，罔顧公眾交通往來安全，犯妨害公眾往來安全罪，判處拘役四十五日，如易科罰金，以一千元折算一日。全案可上訴。熱門賽事、球星動態不漏接    ,https://news.ltn.com.tw/news/society/paper/1734341
夜店大亨遭砍 凶手携械投案,社會,2025/12/02 05:30,"現場搜出大批刀械棍棒。 （記者姚岳宏翻攝）林男自稱夏天倫前員工 連共犯姓名都不知有「夜店大亨」之稱的四十七歲男子夏天倫，前天傍晚遭至少兩名男子以辣椒水及利、鈍器襲擊，其中林姓男子半小時後前往派出所投案，交出刀械、棍棒、辣椒水，據悉，廿七歲林男自稱是夏的前員工，不滿夏的言行才會動手教訓他，但說詞避重就輕，警方還在釐清共犯身分、背後教唆等相關案情。警方調查，林男等人前天下午三時許即在夏天倫的台北市內湖區住處外埋伏，一路尾隨到民生東路三段停車場，在車內等了約兩小時，等到夏天倫與黃姓女友從健身房下來停車場，才動手攻擊，造成夏天倫左手臂被割傷，手、眼部瘀腫，同行黃女眼部腫脹，動手林男把開來的車留在現場，兩人分頭逃逸。請繼續往下閱讀...事發半個鐘頭後，林男主動到派出所投案，警方帶他回停車場，在涉案車內起獲刀械、棍棒、辣椒水等證物。林男拒絕夜間訊問，昨上午找來律師陪同製作筆錄，據悉，林自稱是夏的前員工，對夏的言行不滿，才與另個朋友共同教訓他，但又說不清楚共犯身分，連姓名都不知；警方研判為預謀犯案，正釐清犯案動機。夏男送醫治療，當晚在IG限時動態曬出坐在醫院病床照片表示：「沒有影射任何人是幕後主使」，但強調只要牽涉到家人或親友，他都會挺身而出。夏天倫是台灣酒店業傳奇人物「夏董」夏承榮長子，與弟弟夏天浩在北市東區開設多家夜店，兄弟倆被業界稱為「夜店王」，夏天倫與有「貴婦版大S」之稱的黃廉盈二〇二一年離婚，當時夏指黃廉盈偷兩女兒紅包，要當時仍掛夫姓的「夏黃廉盈」拿掉夫姓，夏天倫日前曾開記者會澄清與前妻訴訟糾紛始末，前天即傳出遭人設伏攻擊。警方將涉嫌打傷夏天倫的林姓男子（圖中）移送北檢複訊。 （記者王定傳攝）熱門賽事、球星動態不漏接    ",https://news.ltn.com.tw/news/society/paper/1734342
占用南投眉溪國有地 非法傾倒廢土 15嫌起訴,社會,2025/12/02 05:30,埔里眉溪國有地遭非法傾倒營建廢棄土，現場有挖土機在作業。（南投地檢署提供）架鐵柵門攔車收費 每次進場收4千南投縣埔里鎮鄰近眉溪流域的國有地，去年十一月遭劉姓與兩名林姓男子占地為王，大膽架設鐵柵門攔車收費，供傾倒營建廢棄土，進場傾倒一次收費四千元，傾倒量約一萬三〇九一立方公尺，南投檢方將劉、林等十五人以違反廢棄物清理法及水土保持法等罪嫌提起公訴。去年十一月媒體報導眉溪流域國有地遭傾倒廢棄土，南投地檢署指揮警調並會同南投縣環保局等單位展開偵辦。請繼續往下閱讀...3主嫌收押 查扣11部載廢土曳引車南投地檢署指出，今年二月至四月間，即針對非法圍地設棄土場的土尾人員，以及棄土車隊司機等相關人等發動數波搜索，且收押設柵門收費的劉姓及兩名林姓男子，並扣下十一部載運廢棄土的營業曳引車。南投檢方表示，劉、林等三人，去年十一月四日到十九日，於埔里鎮眉溪流域的國有地架設鐵柵門攔車收費，並接洽位於台北市及新北市不詳工地的土頭（工地負責人），再由土頭委託曳引車司機，載運北部營建土木及建築廢棄物混合物到該處傾倒，曳引車司機則向土頭收取每立方公尺七百元的廢棄土清運費，一車約收一萬多元。該占據國有地的非法廢土場，現場有人操作怪手，還有人專門負責看守，每進場一次收費四千元，傾倒廢棄土方面積達五七四二平方公尺，傾倒量約一萬三〇九一立方公尺，換算重量約一萬八千三百多公噸至二萬二千二百多公噸。熱門賽事、球星動態不漏接    ,https://news.ltn.com.tw/news/society/paper/1734349
「我們來幫忙！」竹市車禍28歲女遭壓車底 逾10人合力抬車救她,社會,2025/12/01 23:14,新竹市東區今晚發生車禍，28歲機車女乘客遭壓車底，眾人合力抬車救她。（取自市議員黃文政臉書）新竹市東區食品路、西大路交叉口晚間發生車禍，1輛自小客車與4輛機車發生碰撞，導致28歲機車女乘客被壓在車底。民眾發現後，立即上前合力抬車，感人的畫面在網路上廣受討論，市議員黃文政也分享照片，肇事原因正由警方調查中。晚間7點多，1輛自小客車在食品路、西大路交叉口與4輛機車發生碰撞，導致5人受傷，其中1名機車女乘客被壓在車底。多名民眾見狀立即上前抬車，超過10人合力將車輛左側抬起，協助女傷者脫困。黃文政也在臉書分享抬車照，並且提醒民眾盡量避開事故現場。請繼續往下閱讀...消防局獲報派出4車10人前往現場處理，其中有2名傷者輕傷不願就醫，送醫的3人分別是遭壓的28歲女乘客、37歲女騎士以及49歲男騎士。至於詳細肇事原因正由警方調查當中。熱門賽事、球星動態不漏接    ,https://news.ltn.com.tw/news/society/breakingnews/5264460
海巡少校涉貪！勾結私菸集團收受200萬元的特斯拉 林妻出庭護夫喊「自己買的」,社會,2025/12/01 23:08,彰化地檢署偵辦斯菸案，將少校偵查員林郁欽依貪污、洩密等罪起訴，並具體求處15年。（資料照）海巡署偵防分署少校偵查員林郁欽涉嫌與私菸集團勾結，收受價值逾200萬元的特斯拉Model Y，並以假案情、假績效詐領檢舉與查緝獎金332萬元。檢方7月依貪污、洩密等罪起訴，並具體求處15年重刑。羈押期屆滿在即，彰化地院近日將召開羈押庭，是否再度延長羈押，將由法官裁定。依起訴書指出，林郁欽（39歲）明知綽號「大餅」的黃姓男子與其妻（均在逃）主導私菸製造集團，仍自2019年起暗中合作，主動提供聯合查緝行動、查緝船舶等機密情資，讓集團得以提前規避查緝；黃男則回報競爭對手資訊，讓林男「挑案查辦」，藉此打壓對手、衝出績效，再以績效申請高額獎金。請繼續往下閱讀...檢方並查出，林男還聯手私菸業者唐男、陳男等人，找遊民與弱勢者「頂罪」，營造假破案、假查獲，申領檢舉與查緝獎金總額逾1371萬元，等同虛構4億多元行政罰鍰，實際毫無查緝成效。對於遭控收受賄賂，林男堅稱特斯拉是自購，庭審期間更請妻子出庭作證，表示2022年上網下單、向銀行貸款200萬元購車，並提出訂車文件及銀行紀錄為證。林妻還強調家中「現金很多」、名牌包眾多，「靠自己就能買車」。但檢方盤點兩人財務後指出，在扣除房貸、車貸後，帳上現金最多僅97萬元，卻能購置市值3200萬元豪宅，收入來源難以自圓其說，證詞疑點更多。林郁欽自7月起訴後即遭羈押，10月初曾延長羈押，如今2個月期限將滿。由於林男遭求處15年徒刑，屬重大刑案者，依法一審羈押最多可再延長3次，是否繼續羈押，引起外界關注。熱門賽事、球星動態不漏接    ,https://news.ltn.com.tw/news/society/breakingnews/5264447
新竹惡男因遺產想殺親姐全家 撞車丟汽油彈還扔瓦斯桶,社會,2025/12/01 22:56,為了遺產糾紛，新竹惡男計畫殺親姐一家人，不但開車撞傷姐夫，還朝姐姐的家裡丟汽油彈和瓦斯桶，被新竹地院判刑10年。（記者蔡彰盛攝）新竹縣陳姓計程車司機不滿姐姐處理母親遺產而起糾紛，竟預謀殺害姐姐全家人，先開計程車撞姊夫到牆使腿斷掉變形，又上門丟汽油彈與瓦斯桶想燒死姐姐與女兒，所幸無人死亡，讓新竹地院法官感嘆其一連串殺人計畫未致人於死「純屬被告僥倖」，依殺人未遂罪重判有期徒刑10年。法官調查，111年陳男將鍊住的黑狗活活餓死、渴死，被新竹地院依違反動保法判刑2月併科罰金20萬元。隔年陳男對姻親砸汽油彈成傷後再持空氣槍追殺，又被依傷害與毀損罪判刑。請繼續往下閱讀...去年2月，陳男因不滿母親遺產分配結果，欲報復協助處理的姐姐全家，先到姐姐陳女家，開計程車衝撞姐夫擠壓到圍牆，將姐夫的腿撞斷變形，姐夫則卡在車與牆中間無法動彈。陳女與女兒聽聞慘叫聲跑出查看，陳男打開4公斤瓦斯桶使之成為噴火狀態，見姐姐與外甥女嚇得轉身跑回住家，陳男將瓦斯桶丟進姐姐家，又再從車上搬10公斤瓦斯桶丟進去，接著點燃汽油彈放在姐姐家門口。陳女女兒與女婿見狀逃出住家，想救夾在牆邊的父親，陳男為阻止，竟持鐮刀追殺二人，夫妻倆奮力將陳男壓制。陳男落網時供稱，他與姐姐有深仇大恨，想要讓她死，想燒死她，他當時想把整棟房子燒掉。合議庭審酌陳男不思理性解決兄弟間遺產繼承糾紛，竟遷怒協助處理的姐姐，罔顧姐姐全家人生命，先開車衝撞姊夫，又拿瓦斯桶、汽油彈對姐姐家放火，嚴重動搖社會安全，其殺人犯行雖未致人於死，但此「純屬被告僥倖」，最後依殺人未遂罪重判有期徒刑10年。熱門賽事、球星動態不漏接    ,https://news.ltn.com.tw/news/society/breakingnews/5264451
12/1 今彩539頭獎開1注！ 800萬獎落高雄,社會,2025/12/01 22:19,12月1日開獎的第114000290期今彩539頭獎開1注；第114000096期威力彩頭獎則摃龜。（台彩提供；本報合成）12月1日開獎的第114000290期今彩539頭獎開1注，由高雄市鼓山區九如四路1600號1樓「好彩頭彩券行」開出；第114000096期威力彩頭獎則摃龜。第114000096期威力彩中獎號碼為「第一區：05、07、08、11、32、37，第二區：02」。頭獎摃龜；貳獎也摃龜；參獎共7注中獎，每注可得15萬元；肆獎共40注中獎，每注可得2萬元；伍獎共205注中獎，每注可得4000元；陸獎共1529注中獎，每注可得800元；柒獎共3021注中獎，每注可得400元；捌獎共1萬5399注中獎，每注可得200元；玖獎共2萬860注中獎，每注可得100元；普獎共3萬2913注中獎，每注可得100元。請繼續往下閱讀...第114000290期今彩539中獎號碼為「02、03、04、20、24」，頭獎1注中獎，可得800萬元；貳獎共272注中獎，每注可得2萬元；參獎共8500注中獎，每注可得300元；肆獎共8萬7354注中獎，每注可得50元。第114000290期39樂合彩中獎號碼為「02、03、04、20、24」，四合共開出12注，每注可得21萬2500元；三合共442注中獎，每注可得1萬1250元；二合共1萬4275注中獎，每注可得1125元。第114000290期3星彩中獎號碼為「270」，壹獎共81注中獎，每注可得5000元。第114000290期4星彩中獎號碼為「6684」，壹獎共3注中獎，每注可得5萬元。確切中獎號碼以台彩網站公告為主，請見「台灣彩券網站」。威力彩、今彩539、39樂合彩、3星彩、4星彩中獎號碼。（擷取自台彩官網）熱門賽事、球星動態不漏接    ,https://news.ltn.com.tw/news/society/breakingnews/5264418
7旬婦轎車開上高雄輕軌「進站」卡住 列車延誤45分鐘,社會,2025/12/01 22:12,白色轎車誤闖高雄輕軌軌道，於凱旋武昌站「進站」後，被草皮卡住動彈不得。（民眾提供）高雄輕軌C35凱旋武昌站今（1）日晚上約7點50分遭轎車闖入，1輛白色轎車疑似路況不熟，竟直接開入輕軌軌道，直到行駛至輕軌凱旋武昌站時「進站」，整輛車卡在軌道的草皮動彈不得，最後出動吊車和大批警力幫忙才脫困，輕軌列車也因此事故延誤近45分鐘才恢復通行。苓雅分局三多路所指出，經了解，轎車駕駛詹女（73歲）駕駛自小客車，在二聖路與凱旋三路口，往西行駛時右轉誤入北向的輕軌軌道，轎車一路沿軌道行駛至輕軌凱旋武昌站，因車輪陷入草地才停下。請繼續往下閱讀...警方表示，詹女誤闖輕軌軌道涉嫌刑法第184條過失妨害公眾運輸行駛安全罪，可處2年以下有期徒刑、拘役20萬元以下罰金，將於警詢後移請地檢署偵辦。另詹女違反大眾捷運法第50條第1項第3款，由交通局開罰。這起事故也造成輕軌列車於C36凱旋二聖站及C34五權國小站之間暫時無法通行，轎車於晚上8點28分於軌道區脫困，因車輛行經軌道造成草皮掀起，經捷運公司人員覆土與巡檢後，全線於晚上8點35分恢復正常行駛。闖入輕軌的轎車經吊車吊離草皮，才得以脫困駛離。（民眾提供）熱門賽事、球星動態不漏接    ,https://news.ltn.com.tw/news/society/breakingnews/5264422
又是普發1萬詐騙！ 他聽信「1話術」戶頭錢全遭騙光,社會,2025/12/01 21:34,有民眾接到一通宣稱有人冒用其身分代領普發1萬元現金，說要幫他報警，嚇了一跳的被害人沒多想，照著對方指示做，結果戶頭的錢全被騙光。示意圖。（資料照）詐騙猖獗，當心稍有不慎就掉入陷阱！內政部警政署網站「165打詐儀錶板」近日分享案例，被害人接到一通宣稱有人冒用其身分代領普發1萬元現金，說要幫他報警，嚇了一跳的被害人沒多想，照著對方指示做，結果戶頭的錢全被騙光！「165打詐儀錶板」近日分享案例，被害人表示接到一通自稱是「台中英才郵局主任李冠億」的電話，一接通對方就問「你是不是有委任一個叫『江羽華』的人來代領普發現金1萬元？」，被害人一聽覺得莫名其妙，馬上回答沒有，接著對方語氣變得嚴肅起來，稱如果非他委託，就代表其身分被冒用，恐涉及犯罪，還說要幫他報警。請繼續往下閱讀...被害人一聽被嚇住，心想怎麼會發生這種事，還在電話中跟對方喊冤。對方要求被害人加一個警察的LINE，一名暱稱「台中小陳」的人向他宣稱已經涉案，要配合製作筆錄，接著又要被害人加檢察官「林宏松」的LINE，聲稱該檢察官負責偵辦其案子。被害人表示，「那位『林檢察官』要我提供名下帳戶，說要「查看」。我一時慌了，就把我名下的3個帳戶、餘額等資訊都報給他了。他說，為了要『統一保全證據』，要我把其中1個帳戶的錢轉到我自己另外兩個帳戶裡。我因為那時完全被嚇到失去判斷，一切都照做。過了1個禮拜，他又叫我把名下3個帳戶的金融卡交給1位陌生男子，我真的把卡交出去了。直到後來，我發現帳戶裡的錢全被領光，才知道這是詐騙。」警政署提醒民眾，如果有普發現金相關問題，請優先撥打1988諮詢，收到未顯號來電或可疑電話，請掛斷後，再向165查證。政府機關不會以電話告知身分遭冒用，需要配合辦案，不同公務機關也無法轉接，切勿輕信，重要事務通知會以書面為之，同時也切記不要將金融帳戶、提款卡、密碼等資訊提供給陌生人。熱門賽事、球星動態不漏接    ,https://news.ltn.com.tw/news/society/breakingnews/5264304
獎落誰家？ 12/1 威力彩、今彩539開獎了,社會,2025/12/01 21:07,威力彩開獎號碼。（擷取自三立iNEWS《全民i彩券》）今天（12月1日）台彩各項開獎獎項及獎號。威力彩：05、07、08、11、32、37，第二區：02。請繼續往下閱讀...今彩539：02、03、04、20、24。39樂合彩：02、03、04、20、24。3星彩：270。4星彩：6684。確切中獎號碼以台彩網站公告為主，請見「台灣彩券網站」。今彩539、39樂合彩開獎號碼。（擷取自三立iNEWS《全民i彩券》）3星彩開獎號碼。（擷取自三立iNEWS《全民i彩券》）4星彩開獎號碼。（擷取自三立iNEWS《全民i彩券》）熱門賽事、球星動態不漏接    ,https://news.ltn.com.tw/news/society/breakingnews/5264357
竹市西大食品路口車禍 汽車擦撞4機車3人送醫,社會,2025/12/01 21:07,竹市食品路與西大路交叉路口，晚間發生1台汽車與4台機車擦撞意外。（消防局提供）新竹市食品路與西大路交叉路口晚間發生1台汽車與4台機車擦撞意外，5名傷患當中共有3人送醫，所幸均為輕傷，另2人不願就醫，肇事原因正由警方調查當中。消防局晚間7點半接獲報案，指竹市食品路和西大路交叉路口發生車禍，現場為1台汽車與4台機車擦撞，總共5名傷患。經回報現場多名傷者，加派4車10人趕往現場搶救，5名傷患當中，2名輕傷不願就醫，3名送醫。請繼續往下閱讀...3名送醫患者，包括遭壓在車底的女性、年約28歲（躺汽車底，機車乘客）肢體疼痛，多處擦挫傷；另名女性騎士年約37歲，肢體擦傷。還有1名男性騎士年約49歲，胸口疼痛。所幸均無生命危險，肇事原因正由警方調查當中。熱門賽事、球星動態不漏接    ,https://news.ltn.com.tw/news/society/breakingnews/5264383
這麼巧？轎車切車停靠路邊、直行機車同時倒地 警初查自摔,社會,2025/12/01 20:34,自小客車在彰化市金馬路準備切到路旁停車，機車則是同方向直行。（民眾提供）彰化市金馬路1日發生一起機車騎士倒地的意外，由於當時自小客車正準備要切車停靠路邊，而自小客車在第一時間並未立即停車，而是行駛一小段距離才停下，引發當時路過直擊民眾的議論紛紛。彰化警方表示，初步了解是機車自摔，但機車自摔與自小客車是否有因果關係，仍待釐清。警方表示，這起意外發生在昨天下午，地點在彰化市金馬路二段，當時林姓駕駛開著自小客車準備要從外側車道右轉停靠路邊，吳姓男子則是騎著機車直行，結果吳男連人帶車倒地，林男也駕駛一小段距離停了下來。請繼續往下閱讀...警方指出，機車騎士手腳挫傷，機車騎士與自小客車駕駛的酒測值都是零，自小客車的右側車身有損，機車則是前車頭受損。根據初步了解，機車是自摔倒地，但由於自小客車當時準備要停靠路邊，自小客車與機車倒地是否有因果關係，仍待進一步確認。自小客車在彰化市金馬路準備切到路旁停車，同方向機車連人帶車倒在路上。（民眾提供）警方初判是機車騎士自摔倒地，但與自小客車是否有因果關係仍待釐清。（民眾提供）自小客車在機車倒地後未第一時間停車，隨後才停在路旁，有其它騎士也停在車前。（民眾提供）自小客車與機車倒地有因果關係，仍待釐清。（民眾提供）熱門賽事、球星動態不漏接    ,https://news.ltn.com.tw/news/society/breakingnews/5264349
好市多北屯店停車場男毒駕 暴衝撞3車又撞柱民眾嚇傻,社會,2025/12/01 20:17,台中李姓男子昨天下午駕車，在好市多北屯店停車場先撞1台賓士，倒車又猛撞柱子，將自己的後車廂都撞凹。（記者陳建志翻攝）台中一名李姓男子（41歲）昨天下午開車到好市多北屯店的停車場，沒想到先撞到1輛賓士車，接著倒車猛撞柱子，巨大的聲響引起停車場內民眾注意，有民眾見狀喊「我們快走」，沒想到下一秒李男的車子突然暴衝，往前撞上2輛車，所幸車上4人沒有受傷。警方獲報到場見李男精神恍惚，對他實施唾液毒品快篩呈陽性反應，除開單舉發，並移置保管車輛。這起事故發生在昨天下午4點45分，當時李姓男子駕駛Lexus自小客車在好市多北屯店停車場，卻突然失控，先往前撞上1輛賓士車，接著倒車猛撞柱子，將自己的後車廂都撞凹，正當巨大的聲響引起賣場停車場民眾側目，李男的車子又突然往前暴衝，先撞到1輛廂型車，並往前碰撞另1輛自小客車，所幸車上包括李男在內4人都沒人受傷。請繼續往下閱讀...台中市警局第五分局獲報，立即到場處理，員警發現李男精神恍惚，疑似施用毒品駕車，經李男同意後實施唾液毒品快篩，檢驗後呈現陽性反應，立刻依違反「道路交通管理處罰條例」第35條開單舉發，並移置保管車輛；另涉毒品案件部分，將待尿液檢驗結果依法移送偵辦。警方呼籲，發生交通事故時，員警依法可視情況採取唾液快速檢測，一旦檢驗陽性，即迅速讓駕駛與車輛隔離，避免對其他用路人造成危害，確保道路安全無虞，將持續加強毒後駕車行為取締，以守護市民安全。台中李姓男子毒駕在好市多北屯店的停車場連撞3輛車，嚇壞賣場民眾。（記者陳建志翻攝）熱門賽事、球星動態不漏接    ,https://news.ltn.com.tw/news/society/breakingnews/5264331
埔里國有地遭濫倒1.3萬方廢棄土 投檢起訴15人求處重刑,社會,2025/12/01 19:38,南投檢警調在眉溪國有地空拍遭傾倒營建廢棄土範圍，面積達5742平方公尺。（南投地檢署提供）南投縣埔里鎮鄰近眉溪流域的國有地，去年11月遭非法傾倒廢棄土，傾倒量約1萬3091立方公尺，曳引車向工地土頭每立方公尺收700元，1車約收1萬多元，載到由劉、林等3人設柵欄的土地傾倒，一次給該場4000元。南投檢方近日將土地使用人、司機、土頭等15人以違反廢棄物清理法及水土保持法等罪嫌提起公訴。南投地檢署去年11月從媒體報導得知，眉溪流域國有地遭傾倒廢棄土，由檢察官鄭宇軒指揮南投縣警局、調查站，並會同南投縣環保局、財政部國有財產署、國稅局等單位，組成檢警調環稅國土團隊共同偵辦。請繼續往下閱讀...南投地檢署指出，今年2月至4月間，針對非法圍地設棄土場的土尾人員，以及棄土車隊司機相關人等發動數波搜索，共搜索35處所、拘提8人、通知21人到案說明，且收押圈地的劉姓及2名林姓男子，扣押載運廢棄土的營業曳引車共11輛，剝奪該車隊再犯能力。南投檢方說，南投縣埔里鎮眉溪流域的國有地，去年11月4日到19日，被劉、林等3人架設鐵柵門攔車收費，並接洽位於台北市及新北市不詳工地的土頭（工地負責人），再由土頭非法委託曳引車司機，載運北部營建土木及建築廢棄物混合物到該處傾倒，現場有人看守、有人操作怪手，被倒廢棄土方面積達5742平方公尺，傾倒量約1萬3091立方公尺。曳引車司機向工地土頭每立方公尺廢棄土收取700元，1車約收1萬多元，南運到由劉、林等3人設柵欄的土地，進場1次給該場4000元，南投檢方近日將土地使用人、施工承包商、現場把風人員、曳引車司機、廢棄土方公司負責人等15人，以違反廢棄物清理法及水土保持法等罪嫌提起公訴，並求處重刑。埔里眉溪國有地遭非法傾倒營建廢棄土，現場有挖土機作業。（南投地檢署提供）熱門賽事、球星動態不漏接    ,https://news.ltn.com.tw/news/society/breakingnews/5264305
阿兵哥邀烤肉、玩貓竟硬上 辯你情我願被打臉判3年6月,社會,2025/12/01 18:47,"台中一名現役軍人邀女性友人烤肉、玩貓，卻趁機抱上床性侵，台中地院依現役軍人犯強制性交罪，判處3年6月徒刑。（資料照）台中一名現役軍人「阿雄」（化名），去年8月邀女性友人「小花」（化名）先到大甲友人住處烤肉，接著邀她回住處玩貓，卻趁機將小花抱到床上，脫掉衣褲性侵，小花雖拒絕、呼巴掌抵抗仍被性侵得逞，直到當晚回到友人住處哭訴才報警，台中地院審理時，阿雄稱兩人是你情我願，不過法官從小花事後反應，認定性侵屬實，依現役軍人犯強制性交罪，判處3年6月徒刑。判決指出，「阿雄」去年8月2日從苗栗載女性友人「小花」到台中大甲區一名友人住處烤肉，當天傍晚結束後，先載她去文具行買文具，接著邀她到住處玩貓，沒想到阿雄竟趁機將小花抱到床上，用雙手壓制，不顧她口頭拒絕、試圖將他踢開、以手推拒，還呼他巴掌，仍撫摸小花胸部，並脫掉褲子及內褲後強制性交得逞。請繼續往下閱讀...小花直到當晚10點多回到友人住處，向友人哭訴，友人的父親得知後通知小花的父親，並連繫阿雄到場說明，小花的父親氣炸報警提告。台中地院審理時，阿雄坦承有與小花發生性交行為，但否認強制性交，辯稱當天在住處，兩人一起玩貓，玩完貓之後兩人就一起躺在床上，小花靠在他右胸口，兩人是你情我願發生關係，過程中她並沒有表示任何問題。辯護人則稱，小花稱性侵過程有激烈抵抗，但身上卻完全沒有抵抗造成的傷痕有違常情，且小花稱有將頭靠在阿雄肩膀上看手機，亦與一般人遭受性侵時反應不同。不過法官認為，小花多次陳述遭性侵過程敘述都一致，且事後哭泣、情緒低落，也與遭受性侵害情緒反應相當，加上阿雄於警詢、審判中均表示當時有問小花可不可以發生性關係，她「笑笑的說不行」，由此可證阿雄違反小花意願犯強制性交行為。法官審酌，阿雄於偵審程序始終未能面對己過，也未與小花達成和解，依現役軍人犯強制性交罪，判處3年6月徒刑，可上訴。熱門賽事、球星動態不漏接    ",https://news.ltn.com.tw/news/society/breakingnews/5264250
「寵物電動車」未審驗上路挨罰 桃市消費者提告業者詐欺,社會,2025/12/01 18:14,民眾購買微型寵物電動車，上路後卻被警方開罰。（桃園市議員黃瓊慧提供）首次上稿17:03更新時間18:02（新增業者說法）桃園市議員黃瓊慧今（1）日偕律師陪同消費者於桃園地方檢察署前召開記者會，指「毛動力寵物電動車」未經審驗即販售，業者未履行告知義務、未揭露完整消費資訊，造成多名消費者購買騎乘上路被警方取締開罰，隨即按鈴遞狀，對業者提告詐欺。請繼續往下閱讀...對此，業者於官網回應表示，楊小姐購車、交車時間點為法規實施前、法律真空期的消費行為，以現行法規評價過去行為，有嚴重誤導之嫌；全案已進入司法程序，靜候司法偵查結果。黃瓊慧表示，自11月初起已陸續接獲多起陳情，消費者均指稱購買時被告知該產品可合法上路、可做為代步工具，事後證實該車輛根本未經審驗，消費者因此遭警方取締開罰。她說，更離譜的是，業者事後一度失聯，消費者投訴無門，甚至在寵物展場大聲斥責消費者，目前已有近40人向其服務處反映，希望桃園市政府消保官啟動團體調解，並要求業者立即下架不實宣傳資訊，避免更多民眾受騙。律師王妙華指出，依道路交通管理處罰條例第69條至70條規定，微型電動二輪車須通過審驗、登記並領牌才能上路，但「毛動力」販售之寵物電動車未取得任何合格標章，顯然不符合法規要求。然而業者卻在各大寵物展、官方網站、社群平台及LINE群組宣稱車輛可上路代步，已涉及不實廣告及誤導消費者，因此今日陪同消費者前往桃園地檢署，對業者提告加重詐欺等罪。受害消費者楊小姐表示，自遭警方取締後，多次向業者請求提供車輛合格標章證明，卻遭已讀不回乃至斷聯，毫無協助意願；更甚者，業者後續還反告她誹謗及違反個資法，形同恐嚇消費者。目前已有眾多消費者串聯，將組成自救會交流彼此購買受騙經驗，並共同爭取權益。高雄市議員陳慧文服務處助理林力宏指出，高雄市政府上週三召開第一場「毛動力」消費爭議調解，業者僅派1名員工與會，且對消費者的所有指控一概否認，並拒絕消費者訴求；呼籲更多受害消費者站出來，共同向業者討公道。楊姓消費者（左起）由桃園市議員黃瓊慧、律師王妙華、高雄市議員陳慧文助理林力宏陪同，向桃園地檢署按鈴遞狀控告「毛動力」業者詐欺。（桃園市議員黃瓊慧提供）熱門賽事、球星動態不漏接    ,https://news.ltn.com.tw/news/society/breakingnews/5264064
引嘉南大圳水源底層浸泡 台南烏樹林火災加速降溫滅火,社會,2025/12/01 17:57,後壁烏樹林風災廢棄物暫置場火災，南市環保局引入嘉南大圳水源，透過底層滲水浸泡降溫。（南市環保局提供）後壁區烏樹林風災廢棄物暫置場11月21日發生火災，迄今已10天。南市環保局表示，目前僅剩綜合類廢棄物區未完全滅火，今天引入附近的嘉南大圳水源加速降溫滅火，環保局、消防局人員日夜持續在現場作業，燃燒範圍已逐步縮小。南市環保局表示，今天環保局以挖土機利用地形與已燃盡樹枝構築圍堰，並由水利局支援抽水機自嘉南大圳引入水源，透過底層滲水浸泡方式，有效提升降溫效率；同時間也搭配開挖與消防人員操作水線，上下同步作業，加速控制火勢，縮短滅火時程。請繼續往下閱讀...環保局說明，1日白天起受到東北風逐漸增強影響，水平擴散條件改善，南市整體空氣品質維持普通等級，環保局監測車下午1點即時數據顯示，PM10即時監測數據為34.0μg/m3（低於空氣品質標準24小時值75），PM2.5即時監測數據為16.8μg/m3（低於空氣品質標準24小時值30）。水質部分，環保局於11月22日、25日與28日及12月1日巡查，均未發現消防廢水外溢，今天也在嘉南大圳烏樹林橋及烏樹林大排採水，送驗中。根據目前已出爐檢測結果顯示，上游灌溉用水符合標準，下游下秀祐橋河川水質也未見異常。環保局表示，現場仍持續以開挖、灑水降溫及移置方式滅火，未燃的廢樹枝區也由消防局布設水線持續噴灑，預防悶燒。環保局將持續掌握空氣與水質監測情形，並透過多元管道即時向市民發布資訊，確保環境與市民健康安全。熱門賽事、球星動態不漏接    ,https://news.ltn.com.tw/news/society/breakingnews/5264200
學生過斑馬線遭汽車撞飛 台南警將追查告發肇逃駕駛人,社會,2025/12/01 17:46,1名學生經過台南市新營區大同路與綠川路口斑馬線時，遭未禮讓的汽車直接撞上，學生噴飛落地後自行爬起。（記者王涵平翻攝Treads）網傳影片有1名學生經過台南市新營區大同路與綠川路口斑馬線時，遭未禮讓的汽車直接撞上，學生噴飛落地後自行爬起，目擊民眾表示當場等了一下，未見駕駛下車關心。新營警方表示，並未接到相關事故報案，將主動調閱路口監視器查處告發。Treads今日傳出一段行車紀錄器影片，駕駛人由南往北行經新營區大同路時，發現前方1輛汽車由大同路左轉綠川時，直接撞飛1名正通過斑馬線的學生，學生落地後迅速起身。該名駕駛人因急著載小孩上學，當場等了一下，未見駕駛人下車關心，希望學校老師看見影片後可以關心一下。請繼續往下閱讀...新營警分局表示，並未接獲該路口事故相關報案，但依道路交通管理處罰條例，未禮讓行人將依法究辦。1名學生經過台南市新營區大同路與綠川路口斑馬線時，遭未禮讓的汽車直接撞上，學生噴飛落地後自行爬起。（記者王涵平翻攝Treads）1名學生經過台南市新營區大同路與綠川路口斑馬線時，遭未禮讓的汽車直接撞上，學生噴飛落地後自行爬起。（記者王涵平翻攝Treads）熱門賽事、球星動態不漏接    ,https://news.ltn.com.tw/news/society/breakingnews/5264180
強化災防演習推動能力 消防署舉辦本土化HSEEP,社會,2025/12/01 17:42,上課學員。（消防署提供）為強化我國災防演習推動能力，消防署今日於訓練中心舉辦「災害防救演習規劃與評估（HSEEP）基礎課程」開訓典禮，來自各縣市政府局（處）、協力團隊、衛生福利部及內政部民政司、役政司、替代役訓練及管理中心、中央警察大學、警察專科學校共300名學員分5梯次參訓，訓練目的在提升各單位推動災害防救演習的專業能力，導入國際標準化流程，並強化跨領域協作，進一步提升我國整體災害應變韌性。消防署表示，本次課程是依循美國國土安全部HSEEP（Homeland Security Exercise and Evaluation Program）訓練模式，內容涵蓋演習設計、執行、評核及精進等完整流程，透過系統化架構協助各機關有效規劃演習並檢視災害應變機制，演習不僅是平時整備的重要手段，更是確保災害發生時，各單位能迅速協調、精準回應的核心基礎。請繼續往下閱讀...消防署指出，未來將持續推展在地化演習教學、跨域訓練與演習成果驗證，並結合地方政府及專業協力團隊，共同強化全國災害防救能量，期盼各級政府能透過訓練掌握標準化演習流程，進而落實至各項災害整備工作，使「演習即實戰」不再是口號，而成為提升台灣整體韌性的具體行動。消防署災害管理組邱景祥組長授課。（消防署提供）熱門賽事、球星動態不漏接    ,https://news.ltn.com.tw/news/society/breakingnews/5264159
夜店大亨夏天倫停車場遇襲遭砍 犯嫌移送北檢複訊,社會,2025/12/01 17:25,警方將涉嫌襲擊夏天倫的林姓男子（圖中）移送北檢複訊。（記者王定傳攝）有「夜店大亨」之稱的夏天倫，昨傍晚與女友在民生東路三段1棟商辦大樓地下停車場遭人襲擊，至少有2男一路尾隨埋伏，待夏天倫出現後，隨即上前持辣椒水及利鈍器襲擊，行兇後徒步逃逸，動手的林姓男子半小時後主動到派出所投案，警詢後下午5時許將林男移送台北地檢署複訊，他面對媒體鏡頭低頭不發一語。警方調查，林男等人昨下午3時許就在夏天倫內湖住處外埋伏，一路尾隨到民生東路三段停車場，又在車內等了約2小時，等到夏天倫與女友從停車場離開時，才動手攻擊，造成夏天倫左手臂被割傷，手、眼部均有腫脹，同行女子眼部瘀腫，動手後林男把開來的車輛留在現場，2人徒步逃逸。事發半個鐘頭後，林男主動到派出所投案，警方隨即帶他回到停車場，在涉案車輛內起獲刀械、棍棒、辣椒水等證物。請繼續往下閱讀...松山分局案發後與台北市刑大組成專案小組，分工調閱監視器影像，並申請警察局鑑識中心支援現場鑑識工作，報請台北地檢署指揮偵辦，研判為預謀犯案，正釐清犯案動機及幕後有無教唆共犯。熱門賽事、球星動態不漏接    ,https://news.ltn.com.tw/news/society/breakingnews/5264144
離譜！彰化警處理酒駕車禍  又再遭另名酒駕男撞傷送醫,社會,2025/12/01 17:23,彰化縣同安派出所洪姓員警處理酒駕車禍時反遭其他酒駕者撞傷，造成左腳擦挫傷，緊急送醫。（民眾提供）酒後開車害人害己！彰化縣永靖鄉11月30日凌晨，員林警分局一名警員在處理一起酒駕車禍時，竟遭另一名酒駕男子駕車衝撞受傷，倒在地上痛苦哀嚎，形成「處理酒駕事故，卻被酒駕撞傷」的荒謬情況，所幸該名員警送醫後無生命危險。但連續2起酒駕造成二度事故，也再度引發地方譁然。監視器畫面顯示，當日凌晨1點35分左右，一輛鐵灰色轎車先在路口違規迴轉，一輛貨車煞車不及撞上，隨後有員警到場處理，後來貨車先移至路旁，鐵灰色轎車仍橫停路口中間，員警站在轎車旁進行交通疏導，突然一輛白車轎車急駛而來，煞車不及撞上鐵灰色轎車，強烈撞擊力推倒站在車旁的員警，員警倒地後發出痛苦哀嚎，情況怵目驚心。請繼續往下閱讀...員林警分局表示，昨日凌晨近2時許獲報，永福路一段與獨鰲路交叉口發生貨車碰撞自小客車交通事故，同安派出所洪姓警員到場進行交通疏導，並等候拖吊車到場處理事故車輛，未料第二起事故又發生，造成洪員左腳擦挫傷及胸口悶痛，經緊急送醫治療後，無生命危險，已出院返家休養。員林警分局副分局長蕭志旺進一步表示，警方依法對2起事故，3車駕駛進行酒測，駕駛鐵灰色轎車的陳男（34歲），酒測值達每公升0.17毫克；貨車駕駛則為零，造成第二起事故的白車駕駛楊男（33歲），其酒精濃度達每公升1毫克，明顯超標，由於陳男、楊男涉嫌酒後駕車肇事，當場皆依公共危險罪逮捕，訊後移送彰化地檢署偵辦。據了解，該路口車流量大，僅設閃黃燈，加上視線死角，事故頻傳。這次警察處理酒駕，卻又被酒駕撞傷，引發民眾不滿，痛批「到處都是酒駕，根本罰不怕」。也有人建議，路口應增設紅綠燈或改善號誌，避免憾事再度發生。陳男駕駛灰色車輛在路口違規迴轉，貨車煞車不及撞上。（民眾提供）洪姓員警（洪圈處）站在鐵灰色轎車旁進行交通疏導，突然一輛白車轎車急駛而來，煞車不及撞上鐵灰色轎車，進而導致員警受傷。（民眾提供）鐵灰色車輛駕駛酒駕肇事，結果又被酒駕的白車駕駛二度撞擊。（民眾提供）永福路一段與獨鰲路口車流量大，僅設閃黃燈，加上視線死角，事故頻傳。（圖擷取googlemap）熱門賽事、球星動態不漏接    ,https://news.ltn.com.tw/news/society/breakingnews/5264131
紅線違停露餡！花蓮警眼尖揪通緝犯 同車駕駛還藏「喪屍菸彈」,社會,2025/12/01 17:21,花蓮警分局員警巡邏發現黑色箱型車在紅線違停上前勸導，發現車上為通緝犯及藏有毒品，把二人移送法辦。（民眾提供）違停破二案！花蓮分局豐川派出所員警昨清晨巡邏時，眼尖發現一輛黑色箱型車大剌剌違停在路口紅線上。員警正要上前盤查，副駕駛座女子竟心虛衝進超商躲藏，而留在車上的駕駛神情慌張，警方查緝下發現女子涉侵占遭通緝，駕駛則搜出毒品安非他命及目前被列為重點查緝的「喪屍菸彈（依託咪酯）」。花蓮警分局今指出，11月30日清晨5時43分許，豐川派出所員警執行巡邏勤務，行經花蓮市國聯三路超商前，發現一輛黑色箱型車違規停放在路口紅線，嚴重影響交通視線。當警車停下準備上前勸導盤查時，副駕駛座21歲張姓女子疑似「作賊心虛」，立刻轉身快步躲進便利超商內。員警盤查後發現是花蓮地檢署發布在案的侵占通緝犯。請繼續往下閱讀...員警回頭盤查留在車上的48歲周姓男駕駛，周男見同伴被逮，面對警方詢問時眼神閃爍、語無倫次，且神情異常緊張，警方附帶搜索時，發現周男隨身物品中有二級毒品安非他命以及一顆「依託咪酯」電子菸彈。全案把周男駕駛依涉嫌毒品危害防制條例移送花蓮地檢察署偵辦，另張女依涉嫌侵占通緝案移送歸案。花蓮分局呼籲，警方將持續加強巡邏查緝與勤務作為，對於毒品犯罪、通緝犯及各類不法行為絕不寬貸，同時呼籲民眾勿在轉角處違規停車阻礙行車視線，若民眾發現可疑人事物，請立即撥打110報案專線，共同維護社會治安與居住安全。花蓮警分局員警巡邏發現紅線違停上前勸導，發現車上為通緝犯及藏有毒品，把二人移送法辦。（警方提供）花蓮警分局員警巡邏發現紅線違停上前勸導，發現車上為通緝犯及藏有毒品，把二人移送法辦。（警方提供）熱門賽事、球星動態不漏接    ,https://news.ltn.com.tw/news/society/breakingnews/5264141
妻踢爆夫猥褻未成年養女11次 公公嗆媳敢提告「送孫子進孤兒院」,社會,2025/12/01 17:16,H姓男子與妻子、養女同住期間，利用晚間養女睡覺時對其摸胸及下體等多達11次猥褻行徑，台南地院合併判這名狼養父2年6月徒刑。（示意圖，記者王俊忠攝）1名H姓男子與女子小梅（化名）結婚並於2015年收養小梅的8歲女兒，H男與小梅、養女同居期間，在養女念國中階段涉利用晚間養女睡覺時撫摸養女胸部、下體，還以性器官隔衣褲磨蹭養女腰、臀部，近2年時間猥褻多達11次。後來養女向母親揭發養父狼行，H男被迫搬離並在2023年10月與小梅離婚。雖然H男想以30萬元賠償小梅母女，但小梅母女不願與H男和解、也不原諒對方，H男父親還對小梅嗆說「如對H男提告，就把H男與小梅生的兒子送到孤兒院去」，讓小梅母女受到二次傷害。台南地院法官審認，雖無證據證明是H男唆使其父親對小梅這麼說，但既然小梅母女不原諒，不給H男緩刑，依11項乘機猥褻罪各判H男9月徒刑，合併應執行2年6月徒刑。請繼續往下閱讀...判決指出，H男與小梅結婚後，與小梅及其女兒（即養女）住在台南某地，在養女念國中一年級升二年級（2021年）暑假起到2023年9月間，H男會利用晚間到養女的房間，利用養女熟睡、不知抗拒之時，撫摸養女胸部、外陰部，或隔著衣褲磨蹭女方腰、臀部，前後至少猥褻11次。後來，養女在2023年10月間將養父的狼行告知母親，東窗事發2星期後，H男搬離與小梅及養女的同居地點，養女學校得知後依程序通報，社工與南市警局家防官都有約談小梅及其女兒。H男則於2024年3月初主動到台南地檢署投案，接受偵辦，並於2024年5月被法院裁定終止收養受害的養女。熱門賽事、球星動態不漏接    ,https://news.ltn.com.tw/news/society/breakingnews/5264101
23歲男嘿咻13歲少女「情堪憫恕」？ 高院改重判3年2月,社會,2025/12/01 16:30,23歲男趁13歲小女友家人不在家，和少女發生性行為，少女父返家撞見提告，一審依刑法第59條「情堪憫恕」規定減刑判1年10月，檢方上訴成功，高等法院認定一審判決不當，改重判3年2月。（情境照）23歲劉姓男子和13歲少女交往，趁少女家人不在，跑到她的住處床上嘿咻完事時，少女父親返家撞見劉男全裸和女兒躺在床上，氣得報警提告，檢方依「對未滿14歲少女性交罪」起訴；新北地院審理時，少女父親請求法官從重量刑，但法官認為2人是男女朋友，依最輕本刑3年以上規定判刑太重，依刑法第59條「情堪憫恕」規定減刑為1年10月。檢方上訴成功，高等法院認定一審判刑不當，加重改判為3年2月。劉男和小他10歲的13歲少女交往成為男女朋友，因少女家人不在家，去年4月30日凌晨1時，趁機到少女新北市中和區住處發生性行為。不料，上午近7時，少女父親返家，進入少女房間察看，赫然發現劉男全裸躺在女兒床上，痛罵劉男性侵女兒，報警提告。檢方依「對未滿14歲少女性交罪」起訴。請繼續往下閱讀...劉男坦承和少女發生性行為，但辯稱2人是兩情相悅而合意性交，他是「一時思慮不周」，犯行輕微，並允諾願賠償20萬元，請求依刑法第59條規定給予減刑。新北地院審理認為，劉男無法妥善抑制自身情慾，明知少女僅13歲，心智尚未成熟，竟和她發生性行為，危害其身心發展，且少女父親和檢方建請從重量刑，但考量2人是男女朋友，且劉男願意賠償，因為雙方和解金額差距過大才未調解成立，及刑法「對未滿14歲少女性交罪」的最輕本刑為3年以上徒刑，有「情輕法重」情形，因此依刑法第59條「情堪憫恕」規定減刑，判他1年10月徒刑。檢方不滿一審判決結果，上訴高等法院。高院審理時，劉男指稱已和少女父親達成和解，並先付第一期賠償金12萬元，有賠償誠意。但高院認定，劉男是23歲的成年人，明知少女當時年幼，身心發展未臻成熟，為滿足其性慾，仍和少女性交，且未履行調解內容應給付金額，顯見無依約履行之意，不應依刑法第59條規定給予減刑，因此一審判決不當，加重改判為3年2月，可上訴。熱門賽事、球星動態不漏接    ,https://news.ltn.com.tw/news/society/breakingnews/5264052
開車撿東西未注意路況 男駕車跨線撞上對向車,社會,2025/12/01 16:13,陳男駕車逆向撞毀李婦車輛。（記者吳昇儒攝）34歲陳姓男子昨日晚間7時許，駕車行經基隆市西定高架路段時，疑似在車內撿拾物品，一時不慎直接衝入對向車道。對向的李姓女司機雖緊急停車，但仍被迎面撞上，所幸兩人均無大礙。警方也迅速到場，排除事故，並由交通隊進行測繪，以利釐清詳細肇事原因及責任。警方初步調查，陳男案發當時疑在車內撿拾掉落的物品，未注意前方車況，車輛徑直跨越雙黃線，衝進對向車道。請繼續往下閱讀...位於車道上的李姓婦人雖有發現陳男逆向，緊急將車停下，卻仍來不及反應，慘遭撞擊，車頭受損。員警對兩人進行酒測，雙方皆無酒精反應，排除有酒駕情形，後續將依法對陳男開罰；車損部分，則由雙方進行協調。熱門賽事、球星動態不漏接    ,https://news.ltn.com.tw/news/society/breakingnews/5264022
羈押7月重見天日！前名模涉與兄侵占身障協會1億元 500萬交保,社會,2025/12/01 16:01,前名模蕭瑋葶涉嫌與哥哥蕭靖詐騙民眾捐款高達2億5000餘萬元，共同侵占身障協會約1億餘元善款，4月起被收押，士院今裁定蕭瑋葶以500萬交保、限制出境出海8個月並須配戴電子腳環。（翻攝自蕭女IG）前名模蕭瑋葶涉嫌與哥哥蕭靖詐騙民眾捐款高達2億5000餘萬元，共同侵占身障協會約1億餘元善款，檢4月起聲押獲准，蕭女曾提起抗告，但遭院方指稱因「法警人力不足、負責科技監控的廠商請假」等情形，被拒絕辦理交保。案經高等法院近期撤銷原裁定，並發回士林地方法院更裁後，法院今裁定500萬元交保，限制出境出海8個月，並須配戴電子腳環。全案起於，「身障關懷協會」（TDCA）理事長蕭靖創立協會後因涉詐欺判刑通緝，改由妻子掛名理事長，他則化名助理繼續操控財務，並與前伊林名模、妹妹蕭瑋葶共同募款，6年間吸金逾2.59億元，僅1032萬元用於公益，士林地檢署依違反個資法、偽造文書、詐欺、公益侵占、背信、洗錢及藏匿人犯等罪起訴3人。請繼續往下閱讀...檢方追查，蕭靖與蕭瑋葶簽訂不動產借名登記契約，將名下林口2處房產掛在妹妹名下後，挪用協會210萬元製作薪資假金流，偽造扣繳憑單，謊稱蕭瑋葶是協會工程師、年薪230萬元。2023年初，蕭瑋葶持假資料向銀行辦理房貸，詐得3000餘萬元，同年4月再以同手法抵押另一房產，詐得2000餘萬元。檢方認定，蕭瑋葶明知款項來自協會挪用捐款，仍提供帳戶協助洗錢，並以名義購屋及購入7部自用小客車，依違反個資法等罪將其起訴。8月開庭時，蕭靖坦承犯罪事實，但聲稱妻子與妹妹對協會運作不知情，並表示所有罪行由自己承擔。蕭瑋葶則頻頻拭淚，堅稱只是單純名義人，未參與募款或協會營運。辯方主張檢方已查扣相關罪證，無滅證可能，請求交保。法官裁定指出，蕭靖供述前後矛盾，與共犯說法不一致，涉案罪名重大且犯罪時間長，蕭妻陳品君供述亦有出入，巨額資金來源無合理解釋。蕭瑋葶對資金流向與房產登記解釋不清，曾刻意隱瞞購屋資金來源。綜合3人犯罪情節，法院當時裁定續押禁見，今則裁定蕭瑋葶以500萬交保、限制出境出海8個月並須配戴電子腳環。熱門賽事、球星動態不漏接    ,https://news.ltn.com.tw/news/society/breakingnews/5264005
桃園男駕車載笑氣被罰3萬不理 存款被扣押秒繳清,社會,2025/12/01 16:01,桃園市張姓男子駕車載運笑氣被查獲，經環保局開罰拒不繳納被移送行政執行署桃園分署強制執行並扣押存款，張男獲悉後立即出面繳清。（桃園分署提供）桃園市34歲張姓男子駕車載運2支笑氣鋼瓶被警方攔查發現，遭桃園市政府環保局裁處罰鍰3萬元，張男遲不繳納被移送強制執行，法務部行政執行署桃園分署清查張男名下財產發現帳戶有存款，發布執行命令扣押存款，正向銀行申請貸款的張男獲悉後，擔心帳戶被扣押恐影響銀行貸款資格，火速繳清罰鍰。桃園分署指出，張男於去年8月間駕車行經桃園市蘆竹區大新路被警察路檢攔查，查獲車內有2支鋼瓶，因鋼瓶外觀未標示商品名稱，經聯繫桃園市環保局將該鋼瓶送驗，確認鋼瓶內容為笑氣，環保局依法對張男裁處3萬元罰鍰；張男逾期未繳納，環保局今年9月移送桃園分署強制執行，桃園分署先通知張男於指定期限內自動繳納，但張男仍未理會，經清查張男名下財產，發現其金融機構有帳戶內有存款，因此於11月間發出執行命令扣押張男存款。請繼續往下閱讀...張男獲悉帳戶被扣押後，隨即聯繫桃園分署表示，因正向銀行辦理貸款，如果有扣押紀錄恐影響貸款審查資格，承諾會儘速繳錢，於11月下旬到場繳清罰鍰結案。桃園分署表示，為維護國人健康，防止濫用笑氣，行政執行署加強執行滯欠違反「毒性及關注化學物質管理法」罰鍰案件，收案後立刻調查財產、迅速執行，以杜絕笑氣的濫用。也呼籲民眾切勿因一時好奇或好玩而吸食笑氣，若遭查獲，依法可處最高30萬元罰鍰。熱門賽事、球星動態不漏接    ,https://news.ltn.com.tw/news/society/breakingnews/5264014
台中警局交通罰單年收入破2億 綠議員批「罰越多、未見事故下降」,社會,2025/12/01 15:08,台中市議會警消環衛委員會審查警察局預算。（記者黃旭磊攝）台中市議會警消環衛委員會今天審查115年度警察局預算，市警局提出預算資料，今年罰鍰收入編列5774萬8千元，為警局最大自主歲入來源之一，而上年度罰鍰收入高達2億2689萬7千元，執行率達137.63%，民進黨台中市議員陳雅惠痛批，罰單收入逐年攀高，罰得越多、收得越多，卻未見交通事故下降。民進黨台中市議員陳雅惠、李天生、蕭隆澤及國民黨市議員沈佑蓮、民眾黨市議員江和樹，今天在委員會審查警局預算，李天生認為市警局警犬隊經費太少，建議成立警犬之友會，蕭隆澤、江和樹及沈佑蓮提及「炸街噪音車」危害安寧，需扣牌才有嚇阻作用，而交通罰鍰收入增加也引起討論。請繼續往下閱讀...陳雅惠質疑說，警察不是「撈罰單的財政工具」，罰鍰難道只為績效考量？交通罰鍰罰得越多、警局收得越多，卻未見交通事故明顯下降，治安熱區也未獲明顯改善，市民質疑執法方向已與市民安全脫節，要求警方提出違規者族群、事故熱點變化等「罰單與安全改善」具體證據。台中市警察局長吳敬田答覆說，執法最終目的是減少事故與傷亡，今年行人死傷確實較往年上升，但整體A2、A3（受傷及財損）事故呈下降趨勢，至於科技執法部分，針對闖紅燈、不禮讓行人、注意力分散等惡性違規優先取締，希望提升用路人守法意識。熱門賽事、球星動態不漏接    ,https://news.ltn.com.tw/news/society/breakingnews/5263942
台南燈節太夯遭詐騙集團冒名徵才  文化局急澄清,社會,2025/12/01 15:00,近來出現「台南－文化局」、「台南文化學習處」、「南市圖」等假粉專，引誘民眾填寫個資。（記者王姝琇翻攝）南市文化局近來發現，空山祭及月津港燈節引來詐騙集團覬覦，以徵求燈節工讀生名義，張貼google表單連結，引誘民眾報名登錄個資，或有山寨版粉絲專頁假冒市府文化局粉專名義，張貼活動課程，民眾若誤信連結恐洩漏個人資料，成為詐騙集團下手目標，請市民千萬別誤信，官方資訊請以台南市政府文化局官方網站之公告為準。文化局表示，12月底即將登場龍崎光節空山祭及明年2月登場的月津港燈節，因活動多年來廣受民眾喜愛，已打出知名活動品牌，竟讓詐騙集團認為有機可趁，以徵求燈節志工、工讀生、醫護等人員的名義，在社群平台Facebook、Threads、Instagram上張貼連結，引誘民眾填具個人資料，文化局澄清並無對外進行徵才，提醒民眾提高警覺、避免受騙。請繼續往下閱讀...台南市文化局臉書粉絲專頁名稱為「藝遊台南」，但近來卻冒出「台南－文化局」、「台南文化學習處」、「南市圖」等粉絲專頁，並以各類課程資訊吸引民眾互動，進一步誘導點擊來源不明的連結，甚至要求填寫個人資料。文化局指出，這些冒名粉專使用與官方相似的名稱、照片及貼文格式，企圖讓民眾誤以為是由文化局主辦的正式活動。部分假粉專甚至藉由「填寫資訊完成登記」等方式，引導民眾進入可疑網站，並要求提供個人敏感資訊，最終可能導致個資外洩、帳號被盜或財務損失。文化局再次強調，所有官方資訊、活動公告及展演訊息，均會透過「台南市政府文化局官方網站」進行發布。民眾若發現有名稱相似、要求點擊不明連結或聲稱「填資料即可參加」等訊息，請謹慎對待，切勿輕信。文化局呼籲民眾，應建立正確的網路安全意識，應注意粉專成立日期、互動內容、粉絲追蹤數是否異常等特徵，避免掉入詐騙陷阱，另文化局表示，此詐騙手法涉犯刑法第339-4條第1項第1款之加重詐欺罪嫌，詐騙犯若冒用政府機關或公務員的名義進行詐欺，將會構成加重詐欺罪，此行為的法定刑為1年以上7年以下有期徒刑，得併科新台幣100萬元以下罰金，民眾如遇到疑似詐騙粉專，可主動通報警方或撥打165反詐騙專線查詢，也可向社群平台檢舉帳號，避免更多人受害。台南燈節太夯遭冒名假徵才索個資，文化局急澄清。（記者王姝琇翻攝）台南燈節太夯遭冒名假徵才索個資，文化局急澄清。（記者王姝琇翻攝）熱門賽事、球星動態不漏接    ,https://news.ltn.com.tw/news/society/breakingnews/5263944
建築師詹益源捐百萬做公益 贈嘉縣手持超音波及住警器,社會,2025/12/01 14:53,建築師詹益源（左2）捐贈器材給嘉義縣消防局。（嘉義縣消防局提供）嘉義縣建築師詹益源捐100萬，採買手持式無線超音波3組、住宅用警報器800只贈與嘉義縣消防局，今天縣消舉辦捐贈儀式，詹益源表示，希望透過捐贈強化緊急救護能量，提醒民眾重視居家防火，也拋磚引玉，讓更多熱心人士投身公益。縣長翁章梁今天代表受贈，感謝詹益源為社會付出，嘉縣消防局長蔡建安等到場見證；捐贈的手持式無線超音波及住警器，將將配置在第二大隊水上消防分隊、第三大隊中埔分隊及三和分隊，翁章梁感謝詹益源秉持取之社會，用之社會精神，讓社會充滿溫情。請繼續往下閱讀...蔡建安說，緊急救護資源需求日益劇增，且住警器對民眾居家防火有極大幫助，可以及早發現火災，提早因應及避難逃生，感謝詹益源捐贈各項器材，保障民眾生命財產安全，幫助第一線的消防人員執行勤務。嘉義縣長翁章梁（中）瞭解各項救護器材使用功能。（嘉義縣消防局提供）熱門賽事、球星動態不漏接    ,https://news.ltn.com.tw/news/society/breakingnews/5263907
在ATM前領錢太多次被盯上  馬國車手當場被警逮,社會,2025/12/01 14:49,警方盤查。（記者王冠仁翻攝）一名馬來西亞籍男子被詐騙集團吸收，來台擔任取款車手，他近期在台北市萬華區一家便利商店的自動提款機取款時，被巡邏員警發現，他已經取款多次、形跡可疑。員警上前盤查，他見到員警出現、嚇得不知所措，最終才說出實情。警方在他身上查扣9張提款卡與29萬元贓款，最終將他依詐欺、違反洗錢防制法送辦。北市警萬華分局青年路派出所副所長王炳盛、警員盧立承，近期巡邏經過萬華區一家便利商店時，發現有一名男子戴著口罩，在店內的自動提款機前多次提領現金，形跡可疑。請繼續往下閱讀...員警上前盤查，這名男子支吾其詞、態度閃爍，在員警連番盤問下，終於承認他是馬來西亞籍，先前透過手機通訊軟體受詐騙集團招募「來台打工」，聽從指示提領贓款，視提領款項抽取一定比例的佣金。警方在馬籍男身上查扣到贓款29萬餘元、提款卡9張、智慧型手機2支等不法證物。警方查扣29萬元贓款與提款卡。（記者王冠仁翻攝）警方逮捕馬國男子。（記者王冠仁翻攝）熱門賽事、球星動態不漏接    ,https://news.ltn.com.tw/news/society/breakingnews/5263933
國1中壢路段貨櫃車爆胎擦撞轎車、內側護欄  雙向回堵5公里,社會,2025/12/01 14:45,長榮貨櫃車行經國1中壢路段爆胎擦撞轎車、內側護欄，轎車駕駛飽受驚嚇。（警方提供）一輛長榮營半聯結車（貨櫃車）滿載物品，今（1）日中午12點21分行駛國道1號北向59.5公里中壢路段時，右前輪胎突然爆胎，自中線車道往左擦撞同向一輛黑色轎車並自撞內側護欄，現場無人員受傷，事故造成中央分隔島防眩板掉落於南向內側車道，導致雙向後方回堵約5公里，幸現場無人員受傷。國道公路警察局第一公路警察大隊五楊分隊中午接獲事故通報，立即調派巡邏車查看，經查24歲何姓男子當時駕駛營半聯結車，因右前輪胎突然爆胎，擦撞到53歲王姓男子駕駛的黑色轎車與內側護欄，事故造成中央分隔島防眩板掉落於南向內側車道，導致雙向後方回堵約5公里，經通知交控中心顯示CMS看板並透過警廣宣達用路人注意行車安全，保持行車間距，下午1點39分排除恢復通車，2名駕駛酒測值均為0，詳細肇事原因有待警方進一步釐清。請繼續往下閱讀...國道警方呼籲用路人在國道遇到車輛爆胎時，切勿慌張，雙手緊抓方向盤，鬆油門勿踩煞車，以滑行的方式行駛到外側路肩，立即開啟雙黃警示燈，並在後方50公尺擺放三角故障標誌。若無法停靠外側路肩，於車輛停止後，也應先立即開啟雙黃警示燈，並以隨時注意後方來車（時時向後看來車動態）方式下車，將車上的三角故障標誌取出，以面向來車的方式至車輛後方100公尺處放置警示，提醒來車注意，駕駛、乘客趕緊遠離車輛退到路肩，要進行聯絡應在護欄外或較安全處，過程中需隨時注意後方來車，避免遭追撞發生危險，可儘速打1968或利用1968App開啟定位按下警政報案，國道警察會立刻給予協助。另外，用路人出門前應巡視車輛狀況，胎紋是否正常及胎齡是否老舊，可裝設胎壓偵測器，提早知道輪胎是否有異常；胎紋不足或胎齡老舊致使車輛爆胎，其責任歸屬在駕駛人，且一旦發生事故，往往造成車輛受損及人員傷亡，用路人不可不慎。長榮貨櫃車行經國1中壢路段爆胎擦撞轎車、內側護欄，國道警方通知吊車進行拖吊。（記者李容萍翻攝）長榮貨櫃車行經國1中壢路段爆胎擦撞轎車、內側護欄。（警方提供）長榮貨櫃車行經國1中壢路段爆胎擦撞轎車、內側護欄，雙向後方回堵約5公里。（民眾提供）長榮貨櫃車行經國1中壢路段爆胎擦撞轎車、內側護欄。（民眾提供）長榮貨櫃車行經國1中壢路段爆胎擦撞轎車、內側護欄。（民眾提供）長榮貨櫃車行經國1中壢路段爆胎擦撞轎車、內側護欄，雙向後方回堵約5公里。（民眾提供）熱門賽事、球星動態不漏接    ,https://news.ltn.com.tw/news/society/breakingnews/5263910
台南垃圾場接連大火遭質疑 環保局：遇70多年來最乾燥秋季,社會,2025/12/01 14:44,南市城西二期掩埋場於30日晚間8點發生火警，火勢於約10點撲滅，殘火於1日凌晨即完全撲滅。（南市府提供）台南市後壁區烏樹林廢棄物暫置場日前才發生大火，火警還沒完全撲滅，安南區城西二期掩埋場昨天又發生火警，引起民眾質疑。南市環保局表示，近來南部遭遇70多年來最熱、最乾燥的秋季，在天乾物燥及風勢助燃下，易引發自燃或悶燒。目前初步排除人為縱火，未來將加強掩埋場管理機制。台南市接連垃圾場大火，引起民眾質疑，為什麼最近不是掩埋區就是廢棄物火災？「剛好都在半夜起火，真厲害！」火警造成嚴重空污，還要吸多久？請繼續往下閱讀...南市環保局表示，城西二期掩埋場於30日晚間8點發生火警，火勢於約10點撲滅，殘火於1日凌晨即完全撲滅。燃燒區域為焚化爐歲修期間調度的生活垃圾暫置區，未波及城西三期暫置的丹娜絲風災石綿廢棄物；監測資料也顯示，這次火警煙流未往市區傳送，並未對空氣品質造成影響，由於今晨起東北季風增強，擴散條件良好，預估空氣品質仍將維持穩定。南市環保局初判，近期南部遭遇70多年來最熱、最乾燥的秋季，氣溫偏高、降雨偏少，加上垃圾底層發酵累積沼氣與蓄熱，在天乾物燥及風勢助燃下，易引發自燃或悶燒。目前所有火調、蒐證及監視影像均未發現任何人為縱火跡象，消防局調查結果出爐後會向市民完整說明，呼籲外界勿傳播「人為縱火」等未經查證的資訊，以免造成不必要恐慌。環保局表示，為因應近期乾燥高溫及歲修期間暫置量增加，環保局已針對掩埋場啟動全方位強化措施，包括增加覆土頻率，降低垃圾堆內部熱度累積；以紅外線熱像儀同步監控垃圾堆溫度異常，並提高夜間巡場密度。此外，怪手、水車全日進駐配置於場內應變。城西更新爐預計於明年上半年完工，與城西舊爐、永康焚化爐共同運作後，可顯著降低垃圾暫置量，自源頭減少火災風險。環保局提醒市民落實分類，勿將打火機、噴霧瓶、鋰電池等易燃物若混入一般垃圾，以降低風險。南市環保局表示力，城西掩埋場燃燒區域為生活垃圾暫置區，未波及三期暫置的風災石綿廢棄物。（南市府提供）熱門賽事、球星動態不漏接    ,https://news.ltn.com.tw/news/society/breakingnews/5263866
台中轎車撞路口號誌桿駕駛傷 電纜遭大貨車勾纏拉斷另側號誌桿,社會,2025/12/01 14:43,黃男駕車自撞路口號誌桿並波及行經的大貨車，造成另一側的號誌桿也被扯斷。（民眾提供）30歲黃姓男子今天上午7點11分左右，駕駛轎車行經台中市外埔區甲后路近三環路口往大甲方向，不慎自撞路口號誌桿，致號誌桿斷裂，黃男受傷送醫，垂落的電纜線並波及37歲楊姓男子駕駛的大貨車，並導致路口另一側號誌桿遭拉斷傾倒。大甲警分局調查指出，這起車禍發生在今天上午7點11分左右，黃姓男子駕駛轎車往大甲方向，行經外埔區甲后路近三環路口，不慎自撞路口號誌桿，致號誌桿斷裂，電纜線垂落，當時楊姓男子（37歲）駕駛大貨車沿甲后路往水美路方向行駛，車上載運的貨物勾纏到電纜線，致路口另一側號誌桿也遭拉斷傾倒。請繼續往下閱讀...員警獲報到場處置，黃、楊2人經酒精呼氣檢測值均為0mg/l，黃男受傷送光田醫院就醫，詳細肇事原因移請交通警察大隊研判。警方呼籲民眾行駛時請減速慢行、切勿疲勞駕駛，前後車燈保持良好照明，遇有彎道、巷口與無照明路段請加倍注意周邊行人及車輛動態。黃男駕駛轎車自撞路口號誌桿，致號誌桿斷裂。（民眾提供）黃男駕車自撞路口號誌桿並波及行經的大貨車。（民眾提供）熱門賽事、球星動態不漏接    ,https://news.ltn.com.tw/news/society/breakingnews/5263877
又是酒駕！彰警處理車禍遭衝撞受傷 肇事駕駛酒測值達1.0,社會,2025/12/01 14:40,洪姓員警處理事故車禍時，楊男駕駛白色車輛闖入，並撞到灰色事故車，灰車再推擠撞到洪員。（民眾提供）彰化縣永靖鄉11月30日凌晨發生一起驚險事故，同安派出所洪姓警員在處理交通事故、指揮現場車流時，竟遭一輛小客車闖入而被撞傷，所幸送醫後並無大礙。肇事的楊姓男子酒測值竟高達每公升1.0毫克，嚴重超標，警方當場依公共危險罪逮捕送辦。員林警分局說明，昨日凌晨2時許接獲通報，永福路一段發生交通事故。同安派出所洪姓警員到場後，於現場進行交通疏導，並等候拖吊車到場處理事故車輛。不料，一輛由楊姓男子（33歲）駕駛的白色自小客車，竟直接撞上停放路邊待拖吊的事故車，撞擊力道猛烈，導致事故車往前推移，撞及正站在車旁的洪員。請繼續往下閱讀...洪姓警員當場被撞倒，造成胸口悶痛、左腳擦挫傷，經緊急送醫治療後，所幸意識清楚，無生命危險，已於稍晚出院返家休養。警方對楊男實施酒測，結果顯示其酒精濃度達每公升1毫克，明顯超過法定標準，涉嫌酒後駕車肇事，隨即依公共危險罪將其逮捕，並移送彰化地檢署偵辦。肇事白車駕駛楊男，酒測值高達每公升1.0毫克，警方當場依公共危險罪逮捕送辦。（民眾提供）熱門賽事、球星動態不漏接    ,https://news.ltn.com.tw/news/society/breakingnews/5263867
女欠罰款196筆近10萬 送達信遭退、執行官登門奏效,社會,2025/12/01 14:35,48歲陳姓女子駕車違規、欠罰稅款196筆近10萬元，行政執行官上門勸告後讓她繳清欠款。（行政執行署台南分署提供）住在台南市西港區的48歲陳姓女子，近幾年因駕車違規及積欠健保費、汽車燃料費、公路法罰款與通行費等，共滯欠196筆款項、9萬9千多元。行政執行署台南分署接獲移送案後寄送達信遭退回，執行人員上門查訪、巧遇陳女，陳女答應果然於近日到台南分署繳清這些欠、罰款。行政執行署台南分署調查指出，48歲陳女於2022至2023年間駕駛汽車，因未繳交停車費、直行車佔用最內側轉彎專用車道、違規停車、不遵守道路交通標線的指示、超速等，經高雄市政府交通局停車管理中心等舉發，被南市府交通局裁處48筆罰鍰，移送金額合計1萬7900元台幣。請繼續往下閱讀...另陳女滯欠健保費、汽車燃料使用費、公路法罰鍰及通行費等，總計滯欠196筆、移送金額共9萬9978元，逾期未繳納，南市交通局等移送法務部行政執行署台南分署強制執行。台南分署表示，執行人員於今年7月間收案後，寄信通知陳女應到場報告財產狀況，惟信件送達陳女位於台南西港區的住處，因無法送達遭退回。執行人員於11月中到陳女住處現場查訪，沒料到竟巧遇陳女，執行人員當面告知欠款應該繳納。陳女回說，之前沒收到信件不知道有欠款，會於11月底到分署處理。果然陳女於近日就到台南分署繳清所有欠款。台南分署呼籲，配合行政院「五打七安」政策，加強執行相關罰鍰案件，以保障治安、食安、道安、工安、校安、居安以及資安，請民眾切勿心存僥倖，挑戰公權力。並提醒民眾若有經濟困難無法1次清償者，可檢具相關證明文件申請分期繳納；如拒不繳納，台南分署一定會強力執行。熱門賽事、球星動態不漏接    ,https://news.ltn.com.tw/news/society/breakingnews/5263861
竹市城隍廟聚眾砍傷少年案 主嫌1收押禁見、1交保限制住居,社會,2025/12/01 14:32,針對新竹市城隍廟的聚眾砍人案件，竹檢向院方聲押禁見涉案主嫌陳姓和林姓男子；新竹地院法官裁准陳男押禁見，林男交保3萬並限制住居。（記者廖雪茹攝）新竹市城隍廟11月29日晚間發生聚眾砍人案件，1名少年被砍到臟器外露，新竹地檢署昨漏夜以涉犯重罪且有逃亡串證、湮滅證據之虞，向院方聲押禁見涉案主嫌陳姓和林姓男子；新竹地方法院開庭審理後，法官裁准陳男收押禁見，林男交保3萬並限制住居。新竹地檢署表示，案發當天檢察官陳芊伃與竹市警方成立專案小組共同偵辦。警方昨凌晨循線逕行拘提行兇的陳姓兄弟、林男等3人，以及同案少年1人到案，其中陳、林2人經檢察官訊問後，認涉犯兒童及少年福利與權益保障法、刑法成年人故意對少年犯殺人未遂等罪嫌疑重大且有逃亡、串證、滅證之虞，向新竹地方法院法官聲請羈押禁見；至於在場「助勢」的陳男兄弟則獲交保6萬元並限制住居。請繼續往下閱讀...檢警調查發現，全案疑因被害人積欠陳姓主嫌女友1萬元而引發陳男心生不滿，進而糾集其他7人，分乘紅色馬3及白色豐田2部自小客車前往討債，於商討期間雙方一言不合，由陳男夥同林男、范姓少年等先徒手毆打被害少年，陳男再持預藏刀子砍傷被害少年身體多處後，導致少年臟器外露，8人見狀隨即駕車逃逸。熱門賽事、球星動態不漏接    ,https://news.ltn.com.tw/news/society/breakingnews/5263891
高雄怪男深夜亂鳴警報器「覺得好玩」 警逮人重罰,社會,2025/12/01 14:26,高雄噪音怪男（圖中黑衣）深夜鳴警報器擾民警逮人重罰。（取自社會事新聞影音）高雄三民區日前出現一名噪音怪男，騎著機車沿途施放防空警報器，高分貝且令人緊張的警報聲響徹黑夜，令居民不堪其擾，連里長都衝出追人，但仍被逃脫。警方研判怪男會再繼續鳴放，嚴重影響社區安寧與秩序，今（1）日宣布逮獲詹姓男子（32歲），他竟稱只是覺得好玩，才沿途鳴放警報器，引人側目。請繼續往下閱讀...警方除依違反社維法，函送裁罰，並處機車所有人新台幣1800元罰鍰並沒入。警方今指出，上月29日迄今，詹男於三民區大豐二路涉及多起交通違規案，警方調閱路口監視器，見影像中的機車款式，疑未依規定裝置高音量，或發出不合規定音調的喇叭或其他產生噪音器物。警方以車追人，查到車主是詹男的弟弟，弟弟否認製造噪音，稱這陣子機車借給哥哥使用，警方昨晚找到詹男哥哥。詹坦承不諱，警方今依違反道路交通管理處罰條例第16條第1項第6款規定及第2項後段規定，處汽車所有人新臺幣1800元罰鍰並沒入相關器物，將依相關事證進行舉發，同時函送法院裁罰。警方呼籲，請汽、機車駕駛人切勿擅自改裝車輛發聲設備或製造噪音，以維護社區安寧及行車秩序，共同打造安全良好的交通環境。熱門賽事、球星動態不漏接    ,https://news.ltn.com.tw/news/society/breakingnews/5263834
花蓮首例！違停買鹹酥雞 玉里警「唾液快篩」揪出毒駕槍毒,社會,2025/12/01 14:20,花蓮縣警察局玉里分局執行巡邏勤務時，發現銀色汽車違停去買鹹酥雞。（民眾提供）花蓮縣警察局玉里分局富里分駐所前（11月29日）晚在富里鄉執行巡邏勤務時，看到一部銀色汽車違規停車去買鹹酥雞，上前盤查發現駕駛神色慌張，警員發現車內有疑似毒品包裝，要求駕駛接受「毒品唾液快篩試劑」，當場確認陳男涉嫌毒駕，進一步搜出改造手槍、安非他命，這是應用毒駕新制的首起查獲案例，全案依毒品危害防制條例、槍砲彈藥刀械管制條例及毒駕製單舉發。花蓮縣警察局玉里分局今指出，29日晚間7時40分許，富里分駐所所長余岸霖、警員郭己瑄執行巡邏勤務，行經富里鄉中山路，發現一部LEXUS銀色汽車違規停車，嚴重妨礙交通順暢。巡邏員警立即上前盤查，發現當時車內駕駛座上坐著33歲陳姓男子，兩名乘客則下車到對面店家購買晚餐「鹹酥雞」。員警要求陳男出示證件時，發現他神情明顯閃爍且相當緊張，異常反應立刻引起員警注意。請繼續往下閱讀...員警進一步查看車內，發現一包疑似二級毒品安非他命，依經驗判斷，員警當場高度懷疑陳男涉及毒駕，由於內政部警政署自11月20日起全面啟用「毒品唾液快篩試劑」，員警依新制規定以唾液毒品快篩，初篩結果呈陽性反應涉嫌毒駕；於附帶搜索時進一步發現其交通工具藏有2顆子彈及1把改造手槍。玉里警分局指出，陳姓男子因吸毒後駕車，觸犯道路交通管理處罰條例第35條第1項第2款規定，將被吊扣駕照18個月並處1萬8千元以上、最高10萬8千元以下罰鍰。玉里分局長黃清暉說，這是花蓮的首起以試劑查獲毒駕案件，呼籲民眾切勿心存僥倖，以身試法。警方對毒駕採取零容忍態度，將持續運用唾液毒品快篩試劑強化查處能量，讓毒駕行為無所遁形，全面守護民眾用路安全。花蓮縣警察局玉里分局執行巡邏勤務時，發現銀色汽車違停去買鹹酥雞，車上起獲毒品跟改造手槍。（警方提供）花蓮縣警察局玉里分局執行巡邏勤務時，發現銀色汽車違停去買鹹酥雞，車上起獲毒品跟改造手槍。（警方提供）花蓮縣警察局玉里分局執行巡邏勤務時，發現銀色汽車違停去買鹹酥雞，車上起獲毒品跟改造手槍。（警方提供）熱門賽事、球星動態不漏接    ,https://news.ltn.com.tw/news/society/breakingnews/5263827
延長兒少性犯罪追訴權時效 民團偕立委促盡速修法,社會,2025/12/01 14:15,民間犯罪被害人權益保障聯盟等民間團體今偕同多位民進黨立委共同舉行記者會。（民間司法改革基金會提供）民間犯罪被害人權益保障聯盟等民間團體今偕同多位民進黨立委共同舉行記者會，指立法院針對「童年性侵倖存者」的追訴權時效改革，以及犯罪被害補償金改革，已有多位立委提出修法版本，呼籲應盡速推進立法流程，尤其應考慮除了「刑法」之外，併同修正「兒童及少年性剝削防制條例」的必要。犯罪被害人權益保障聯盟召集人林永頌、全國律師聯合會被害人權益保障委員會主委徐承蔭及副主委傅馨儀、民間司法改革基金會副執行長李明洳今與民進黨立委吳思瑤、陳培瑜、林月琴、張雅琳共同舉行記者會，為犯罪被害人請命。請繼續往下閱讀...林永頌表示，若兒少被性侵當下未提告，而是到了成年後才提告，又因超過追訴時效無法申請補償或賠償，這是不合理的事情。他認為，修法上應全面性思考，不是只修「刑法」，也應一併處理「兒少性剝削防制條例」、「民法」、「犯罪被害人權益保障法」等，讓所有被害人都有機會可以獲得合理補償。林月琴指出，她已提出相關修法版本，希望讓受到性傷害的兒少，能在成年後得到保障，呼籲朝野務必共同合作，盡速排審相關法案，一起為遭受性侵害的兒少犯罪被害者建立一道基礎防線，確保遲來的正義依然是完整的正義。陳培瑜說，「犯罪被害人權益保障法」存在不合理之處：刑事案件仍可追訴，被害人卻可能因時效屆至而無法申請補償金；過去因時效過期而未能申請的未成年被害人，也無法因修法而恢復權利，這樣的制度必須檢討。此外，除了「被害人權益保障法」與「刑法」外，像是「民法」侵權行為等規定也應一併檢視、修正。身兼民進黨政策會執行長的吳思瑤表示，不能讓鎖定未成年的惡質、惡性重大加害者可以順利脫罪，絕對要踐行司法正義，要給予法律必要的武器，民進黨的夥伴們會支持相關修法。張雅琳指出，現在的補償制度是當加害人已經被起訴，被害人卻因錯過申請期限而拿不到補償，這是非常荒謬的一個狀況。很多修法的部分必須一起精進，希望許多黨派的委員都可以為兒少權利一起努力，一起守護兒少。熱門賽事、球星動態不漏接    ,https://news.ltn.com.tw/news/society/breakingnews/5263845
中巴行駛南庄山區禁行路段  竟是22名失聯移工上山採野薑,社會,2025/12/01 14:14,車內都是失聯移工。（記者彭健禮翻攝）苗栗縣警頭份分局南庄分駐所員警，昨天下午在南庄鄉山區，發現一輛中型巴士違規行駛禁行路段，上前攔查赫見車內竟有22名失聯移工，由於人數眾多，分局總動員出動多輛警車將他們載下山，經調查，這些失聯移工是何姓地主找來採收野薑，警詢後依違反就業服務法移請移民署苗栗專勤隊處理。南庄分駐所巡佐廖國正、警員賴致寧，昨天下午3點20分，執行交整勤務，於南庄鄉苗21線13K處發現一輛中型巴士行駛禁行路段，上前攔查，赫然發現車內除了駕駛之外，其餘22名乘客都是東南亞國籍人士。請繼續往下閱讀...這群東南亞國籍人士見警察攔車盤查，個個面面相覷、面露尷尬，疑似為失聯移工，由於人數眾多，2警立即通報線上巡邏警力支援將人帶回調查，經進一步查證，皆為失聯移工，為泰國籍12人（男性5人、女性7人）及越南籍10人（男性3人、女性7人）。警方調查，這群失聯移工昨天分別從嘉義梅山、伸港被載往南庄鄉東河村陸家地區採收野薑，由何姓地主所聘僱。頭份警分局長郭譯隆表示，近來查獲失聯移工人數大幅增多，其中假觀光真打工情事層出不窮，並衍生出非法打工、賣淫等情事發生，造成治安隱憂，呼籲民眾不要雇用非法移工助長歪風，如有發現疑似失聯移工請向專勤隊或警方通報查緝，以淨化社會之治安。中型巴士違規行駛禁行路段，員警上前攔查赫然驚見車內有22名失聯移工。（記者彭健禮翻攝）這群失聯移工見警察攔車盤查，個個面面相覷、面露尷尬。（記者彭健禮翻攝）熱門賽事、球星動態不漏接    ,https://news.ltn.com.tw/news/society/breakingnews/5263876
台68值勤竹東警分局巡邏車遭貨車追撞  2警腦震盪送醫,社會,2025/12/01 14:14,台68線今午發生散落物釀追撞事故，有民眾拍照PO網，貨車車頭毀損。（擷取自臉書「竹東小鎮」社團）台68快速道路21公里處有散落物，新竹縣警察局竹東派出所今天中午獲報後派員到場處理，不料，在處理過程遭後方貨車猛烈追撞，巡邏車整輛撞上中央分隔島，造成車上2名警員受傷；警方表示，2警有腦震盪情況，送醫檢查後，目前狀況穩定。竹東警分局表示，這起意外發生在今天中午，警方接獲民眾通報，台68線21公里處由西向東處有散落物，疑似為水桶；巡邏車趕到現場後，遭後方未注意車前路況的貨車追撞，造成車上2名員警受傷，意識清楚，已送醫治療。請繼續往下閱讀...有民眾拍照並PO至臉書「竹東小鎮」社團，巡邏車整輛車撞上中央分隔島，毀損嚴重。其中，陳姓女警頭部撕裂傷、腦震盪（詳細檢查中）；陳姓男警輕微腦震盪（詳細檢查中）；貨車蕭姓駕駛右小腿挫傷。確切的事故原因待進一步調查釐清。有目擊者指出，當時有通報公路局新竹工務段來處理散落物，工務段人員到場後，現場拖吊車司機們也請他幫忙撿拾車禍碎片，但工務段人員說只有接獲撿拾水桶通報，請大家再通報一次撿拾車禍碎片他們再出勤，接著就離開，相當離譜！對於民眾的投訴，新竹工務段表示，針對台68線路容維護廠商工作人員應對不當，工務段致歉並請廠商負責人加強現場員工教育訓練，同時也會以此案例宣導引以為戒。竹東派出所值班員警駕駛巡邏車上台68線處理散落物報案時遭後方貨車猛烈追撞，2名警員受傷送醫。（民眾提供）熱門賽事、球星動態不漏接    ,https://news.ltn.com.tw/news/society/breakingnews/5263865
台中火車站公車轉運月台踩空骨折   這原因提告國賠贏了,社會,2025/12/01 14:11,邱姓民眾在台中火車站1樓公車轉運中心月台，不慎踩空造成骨折，法官到現場勘查，發現石緣黃色標線已嚴重退色，幾乎與車道顏色相同。（擷取自司法院裁判書系統）邱姓民眾去年在台中火車站1樓公車轉運中心，走至C月台與公車道連接處，不慎踩空造成骨折，認為負責管理的台中市政府交通局有疏失，包括醫藥費、精神慰撫金，請求國賠54萬多元，台中地院審理時，經實際檢測發現該處照度不足，且石緣黃色標線已嚴重退色，幾乎與車道顏色融合一體，難以辨認，認定台中市政府管理有疏失，判決應國賠30萬2351元。邱姓民眾去年4月13日下午1點搭火車至台中火車站後，前往台中火車站1樓公車轉運中心，走至C月台與公車道連接處，因月台與車道有20公分高低落差，而當時月台燈光昏暗，且公車轉運中心站台緣石標線已斑駁，模糊不清楚，加上未設有高低落差20公分的警示標語或語音，導致他踩空跌落至車道，造成左橈骨遠端粉碎性骨折，包括醫藥費、交通費、工作損失和精神慰撫金，共請求國賠54萬8039元。請繼續往下閱讀...台中市政府辯稱，C月台的東西兩側均有自然光源，且當時是下午1點，日照充足，緣石標線亦無標示不清，可清楚辨識月台與車道間高低落差，公共設施的設置或管理並無欠缺。強調邱姓民眾步出電梯後，是因轉頭往右側看並往前直行，才沒有注意到月台與車道間的高低落差而踩空，與該處燈光、標線及警示標語的設置，並無因果關係。台中地院審理時，經現場實測，發現該處平均照度為59.86Lux，並未維持設計平均照度值須達75~150Lux的標準，認定該處照明管理有欠缺。法官並依現場監視器畫面截圖，發現監視器畫面截圖C月台石緣黃色標線幾乎難以辨認，與法規規範的標準黃色第18號差異甚大，經現場勘查更發現，石緣標線已嚴重退色，幾乎與車道顏色相同，二者融合一體，難以辨認，已失去標線的功能，管理明顯有疏失。台中地院審酌，邱姓民眾為低收入戶，平時開計程車謀生，加上當時往右側觀看後，並未再注意前方，仍不斷前進，才導致跌落月台，認為他有未注意前方狀況的過失，認定台中市政府應負8成責任，邱姓民眾負擔2成的責任，判決台中市政府交通局應國賠30萬2351元，可上訴。邱姓民眾在台中火車站1樓公車轉運中心月台，不慎踩空造成骨折，法官調閱監視器，發現月台石緣黃色標線幾乎難以辨認。（擷取自司法院裁判書系統）熱門賽事、球星動態不漏接    ,https://news.ltn.com.tw/news/society/breakingnews/5263815
北市保大警返回駐地疑恍神 直撞違停新店客運幸無人傷,社會,2025/12/01 14:06,台北市保安警察大隊鄭姓員警駕駛警車，行經新北市新店北宜路二段時，疑因恍神追撞前方違停客運。（記者陸運鋒翻攝）台北市保安警察大隊鄭姓員警今天上午11時許，駕駛警車行經新北市新店北宜路二段時，疑因恍神追撞違規停車的新店客運，所幸事故沒有造成傷亡，而轄區新店分局警方，則對陳姓客運司機開出罰單，事故原因仍有待釐清。警方調查，駐守翡翠水庫的台北市保安警察大隊，今早由第六中隊34歲鄭員駕駛警車載著另名同仁，交接班後準備返回保大駐地；而新店客運650號陳姓司機則因內急，將客運違規暫停在紅線跑到一旁小解。請繼續往下閱讀...據知，鄭員行經新店區北宜路二段、中生路口時，疑因恍神未注意路況，從後方直接撞上新店客運，所幸現場無人受傷、公車上亦無乘客，而轄區新店分局員警到場後，對雙方實施酒測均為0毫克。據指出，由於陳姓司機在紅線臨時停車，已對其開出300元至600元罰單，至於詳細事故原因及肇事責任歸屬，仍有待進一步釐清。對此，台北市保大表示，事故發生後由小隊長立即到場了解，鄭員已完成筆錄；受損陸巡車輛屬水管局財產，已依程序由保養廠拖吊處理，已提醒同仁務必注意行車安全，避免類似情況再次發生。熱門賽事、球星動態不漏接    ,https://news.ltn.com.tw/news/society/breakingnews/5263835
疑因外送起衝突 男子在麥當勞前攻擊外送員,社會,2025/12/01 13:37,兩人在麥當勞前扭打。（翻攝自臉書社團基隆人日常）基隆一名李姓外送員上個月29日深夜，在信一路的麥當勞與人發生口角，進而衍生成肢體衝突。路過的網友拍下後，上傳到在地臉書社團。有熱心網友詢問方知，是外送時發生糾紛。李男已於案發隔日前往派出所，對攻擊自己的男子提出告訴。警方現已調閱周邊監視器、釐清案情，並通知涉案男子到案說明。熱心網友在臉書社團基隆人日常內PO文指出，29日深夜11時許，看見外送員與人發生衝突，並將影片PO在社團內。請繼續往下閱讀...影片可見穿著短褲的男子在馬路旁拉扯李姓外送員的衣物，雙方爆發口角、肢體衝突，現場髒話狂噴。所幸一位民眾從口袋掏出辣椒水噴灑，讓短褲男停手。網友更在文章中表示，當時有詢問外送員，因送餐到指定地點後，對方都不接電話，所以要將餐點送回麥當勞，結果訂餐者卻趕到麥當勞堵人。基隆市警二分局信六路派出所副所長張君豪表示，案發隔天已接獲李姓外送員報案，並對施暴者提出傷害告訴；目前已依規定受理，將通知相關涉案男子到所說明。熱門賽事、球星動態不漏接    ,https://news.ltn.com.tw/news/society/breakingnews/5263814
自撞民族二路橋墩下車拔腿就跑 高雄女酒駕肇逃落網,社會,2025/12/01 13:34,這輛轎車自撞高雄民族二路橋墩後，車頭嚴重損毀，駕駛下車肇逃，警方鎖定對象將從嚴處辦。（民眾提供）首次上稿 08:34更新時間 13:34（更新案情）高雄市新興區民族二路、八德一路口今（1）日上午7時許發生一起轎車自撞肇逃案，轎車自撞民族二路橋墩，車頭嚴重毀損，但駕駛肇事後下車狂奔逃離現場。警方調閱路口監視器，依身影研判原以為是男性駕駛，經追查赫然發現竟涉嫌肇逃者是41歲周姓女子，循線至鳳山區逮人，經酒測確認其酒精濃度超過法定標準，全案依公共危險罪準現行犯移送高雄地檢署偵辦。請繼續往下閱讀...新興分局中正三路派出所於今天上午7時獲報交通事故後，員警立即趕赴現場，發現肇事駕駛已逕自離去，專案小組透過積極調閱監視器及聯繫租賃公司，迅速鎖定涉案駕駛周女。經瞭解，現場自撞的駕駛肇事後逕自離去，事故現場幸無其他人員受傷，警方查出肇事車是租賃車，已積極調閱監視器與聯繫該租賃公司釐清，路口監視器影像也拍到肇逃者。警方隨即掌握周女行蹤，員警立即前往高雄鳳山區將她查辦歸案，經酒測確認周女為酒後駕車，報請高雄地檢署檢察官，周女涉嫌公共危險罪嫌疑重大，故依準現行犯予以逮捕。新興分局除將周女依公共危險罪移送法辦外，針對其肇事逃逸未依規定處置之行為，後續亦將依《道路交通管理處罰條例》第62條第1項，從嚴處以1000元至3000元罰鍰，並吊扣駕照1至3個月。高雄41歲周姓女駕駛駕車自撞民族二路橋墩後，車頭嚴重損毀，下車肇逃，警方查獲發現涉嫌酒駕肇事。（民眾提供）熱門賽事、球星動態不漏接    ,https://news.ltn.com.tw/news/society/breakingnews/5263436
違規被攔查散發酒味還嗆「違法臨檢」 警拔槍喝斥開出拒測單 ,社會,2025/12/01 12:29,曾男不下車配合酒精吹氣檢測還嗆聲，且車輛持續發動恐有危害之虞，警方依警察職權行使法規定，拔槍喝斥使用必要強制力，並將曾男拉下車受檢。（取自社會事新聞影音）曾姓男子駕車行經台北市大安區敦化南路一段時，因未繫安全帶被巡邏警方攔查，期間車內散發濃厚酒味，警方要求其下車接受酒測，曾男非但持續不配合還嗆「這算違法臨檢！」警方見狀拔槍喝斥並將曾男拉下車，但他始終不願進行酒測，警方則開出拒測單，將開罰18萬元及吊銷駕照，並當場扣車。大安警分局調查，23歲曾男上月28日早上7時許，駕駛朋友的保時捷跑車載著3名友人，行經大安區敦化南路一段某酒店樓下時，因未繫安全帶引起警方注意攔查，過程中，曾男車內飄出陣陣酒氣，員警依規定告知酒測流程及相關權益。請繼續往下閱讀...不過，曾男拒絕下車配合酒精吹氣檢測，甚至還嗆警「這樣算違法臨檢」、「違規可以開單」、「你敢實施強制力嗎？」等語，且車輛持續發動恐有危害之虞，警方依《警察職權行使法》第8條規定，拔槍喝斥使用必要強制力，並將曾男拉下車受檢。警方指出，曾男態度消極，明確表示拒絕酒測，最終依道路交通管理處罰條例開出拒測單，將處18萬元罰鍰、吊銷駕駛執照3年，並當場移置保管車輛，另未繫安全帶罰單部分，也開出1500元罰單。警方呼籲，酒駕與拒測皆屬重大違規，對用路安全影響甚鉅，民眾切勿心存僥倖，將持續強化飲酒場所周邊巡查並提升執法強度，全力打擊酒駕行為。曾男因未繫安全帶被警方攔查，但他不配合酒測還不斷嗆聲。（記者陸運鋒翻攝）警方對曾男開出拒測單。（記者陸運鋒翻攝）熱門賽事、球星動態不漏接    ,https://news.ltn.com.tw/news/society/breakingnews/5263708
新北市退休校長攀玉山後四峰失聯4天 遺體上午尋獲,社會,2025/12/01 12:15,退休郭姓校長登玉山後四峰失聯，事發的鹿山山區到圓峰山屋之間海拔都在3000公尺以上，入夜後溫度低至個位數，救援困難，今天清晨尋獲遺體。（高雄市消防局提供）高雄市消防局11月28日接獲南投消防局轉報，有領隊報案指一行7人自組登山隊爬玉山後四峰，其中62歲郭姓退休校長失聯，今（1）日上午6時許被路過山友發現躺臥於邊坡，搜救人員7時許抵達時，已明顯死亡，遺體運回山屋待直升機運送下山。高雄市消防局11月28日獲南投縣消防局轉報，7人登山團中62歲郭姓團員失聯，最後會面點在鹿山，即派員前往救援，第1梯次警義消及玉管處搜救人員已於當日抵達進行搜尋；第2梯次人員，於29日由空勤總隊直升機載送至圓峰山屋，持續搜救。請繼續往下閱讀...據了解，郭姓死者為新北市退休校長，一行7人自組登山隊爬玉山後四峰，領隊指郭男於鹿山起脫隊，一行人趕往玉山南側的圓峰山屋求救，事發的鹿山山區到圓峰山屋之間海拔都在3000公尺以上，入夜後溫度低至個位數，救援行動並不順利，直到今天上午才被山友發現郭男遺體。熱門賽事、球星動態不漏接    ,https://news.ltn.com.tw/news/society/breakingnews/5263704
新北無牌車占路10個月429件較同期增77件 裁決處：民眾缺法規認知,社會,2025/12/01 12:07,未懸掛牌照停放於道路。（交通局提供）為減少無牌車輛長期占用道路資源，交通部日前修正《道路交通管理處罰條例》第12條，將未懸掛號牌車輛停放道路的罰鍰，提高至3萬6千元，新制自今年9月30日上路。對此，新北市交通事件裁決處長李忠台表示，今年1月至10月，未懸掛號牌的汽、機車停占道路違規件數共有429件，較去年同期增加77件，顯示仍有不少民眾缺乏相關法規認知。李忠台指出，日前一名江姓女子將未懸掛號牌的汽車停放於自家社區附近道路，被警方依規定舉發。江女辯稱該處為私有土地道路，認為不應受罰，因此向法院提起行政訴訟。經審理後，法院認定該道路屬「開放且供不特定第三人通行」，符合道交條例第3條第1款所稱的道路，因此駁回其訴訟請求，判決江女敗訴。請繼續往下閱讀...李忠台表示，已辦理停駛或繳銷車牌的車輛，因無有效車牌可供懸掛，只能停放在私人場所，不得占用道路或公有停車格；若車輛需要報廢，則應委由合法環保業者處理，不得任意棄置路邊。若無牌車輛仍在道路上停放，除補徵稅費外，警方將依道交條例第12條開單舉發，最高可處3萬6千元罰鍰，提醒民眾勿心存僥倖，避免不必要的損失。熱門賽事、球星動態不漏接    ,https://news.ltn.com.tw/news/society/breakingnews/5263677
苗栗大罷免連署站前賓士車猛催油門「燒胎」 男駕駛判拘役45天,社會,2025/12/01 12:03,徐男駕駛賓士車（紅圈處）於今年5月9日在苗栗市日新街停等紅燈時猛催油門「燒胎」，引發大量煙霧；嚇壞一旁罷團善連署店家志工。（記者彭健禮翻攝）公民團體「苗栗國罷免立委連線」於推動罷免苗栗縣籍藍營立委期間，獲苗栗市日新街一店家響應，提供作為罷免連署站點；今年5月間，卻發生一輛賓士車於店門前猛催油門「燒胎」情事，罷團質疑是挑釁與威脅。該賓士車駕駛43歲徐姓男子經警方追查到案，稱「測試車輛性能」；苗栗地方法院審理，認他犯妨害公眾往來安全罪，處拘役45日。大罷免行動今年於全國如火如荼展開，「苗栗國罷免立委連線」推動苗栗第1選區無黨籍立委陳超明、第2選區國民黨籍立委邱鎮軍罷免案。今年5月9日上午9點22分許，位於苗栗市日新街的罷免連署據點店家前，上演一輛賓士車在街頭猛催油門「燒胎」引發大量煙霧情事，嚇壞店家志工，罷團於網路發文質疑是對罷免行動的挑釁與威脅。請繼續往下閱讀...轄區苗栗警分局員警網路巡邏發現後，指派偵查隊展開調查，調閱周邊監視器影像以車追人，於1小時內將賓士車駕駛徐男追查到案，並報請苗栗地檢署檢察官指揮偵辦。徐男到案，聲稱停等紅燈臨時起意「燒胎」，測試車輛性能；警方請示檢察官後，依公共危險、恐嚇等罪嫌送辦。檢方偵結，依犯妨害公眾往來安全罪嫌，將徐男起訴並向法院聲請簡易判決處刑。苗栗地院審理，認徐男在道路上為燒胎之駕駛行為，對往來車輛及用路人造成可能發生車禍及傷亡之危險，罔顧公眾交通往來安全，犯妨害公眾往來安全罪，兼衡其犯罪動機、目的、手段、情節，幸未肇事致生實害及坦承犯行之態度，處拘役45日，如易科罰金，以1000元折算1日。全案可上訴。熱門賽事、球星動態不漏接    ,https://news.ltn.com.tw/news/society/breakingnews/5263662
分駐所長上網發現8旬嬤走失通知協尋 發展協會理事長回家換車聽到呼救,社會,2025/12/01 12:02,走失的阿嬤在狹窄的溝洞中呼救，所幸被湊巧聽到而獲救。（警方提供）一名將近80歲的阿嬤日前走失，家屬想先上網求救，卻被分駐所所長先看到、找來更多援手，只是這名阿嬤平時帶著的智能手錶早就沒電，所有人圍著最後定位點找尋未果，倒是其中一人回家換車時聽到自家旁的溝內傳出呼救聲，這才將阿嬤救出。日前大武分局太麻里分駐所所長廖志宗在社群平台發現家屬發布的走失求助訊息，當中指出一名高齡婦人於早上7時許外出後，至下午皆未返家，最後智能手錶定位時間為10時許在太麻里鄉大王村附近，警方立即聯繫報案人家屬，得知其母身材、穿著等特徵，廖志宗立即火速派員於所轄沿線調閱監視器查找婦人去向，並通知轄區巡守隊、義警及山警等群組，派員組織查找老婦下落。請繼續往下閱讀...經轄內群組組織動員查找之際，大王村發展協會理事長趙康淳於當日17時50分左右，因車輛發生故障，回家換開其他車，卻在住家旁聽聞有微弱呼救聲，經循聲找尋終於在大王村文化路水溝涵洞內發現有一婦人，立即通報分駐所、消防隊到場協助救護。警、消人員到場檢傷後發現老婦意識尚清楚，惟疑似有腿骨骨折情形，因掉落地點空間狹窄救援困難，經救護人員努力終將老婦救起，後續送往台東馬階醫院救護，家屬對警方能迅速積極通報查找表示非常感激。走失的阿嬤在狹窄的溝洞中呼救，所幸被湊巧聽到而獲救。（警方提供）走失的阿嬤在狹窄的溝洞中呼救，所幸被湊巧聽到而獲救。（警方提供）熱門賽事、球星動態不漏接    ,https://news.ltn.com.tw/news/society/breakingnews/5263667
討債撒逾2千張宣傳單 鎮長一早帶同仁撿了2個半小時,社會,2025/12/01 11:57,滿地宣傳單，累得10多名公所職員到處彎腰撿。（擷取自彭成豐臉書）台東市關山鬧區的鎮民可能都知道，昨晚有人在三民路上狂撒討債宣傳單，今一早關山鎮長彭成豐接到里長通報，就帶著公所同仁上街撿垃圾，彭成豐不滿道，欠債還錢天經地義，但「你讓10幾個公務員幫你撿垃圾，這種行為對嗎？」今早三民路從關山國小到圖書館的地面撒滿宣傳單，密密麻麻的傳單超過2千張，每張約7.5公分寬、15公分長，當地里長發現後找來代表與彭成豐處理，最後還是彭請清潔隊員、公園管理人員共10餘人停下手邊工作先來撿垃圾，從早上6時清理到早上8時30分左右才撿完。請繼續往下閱讀...宣傳單上講明的債務人即是關山鎮民，其老家亦在散發傳單路線上，彭成豐說，應該不僅是欠債者家人發現，連所有上課的小孩及家長都看到了，先不論債務是否能順利索還，公所已經報警，請警方立即處理亂丟宣傳單者，「都有監視器，怎麼會找不到？亂丟傳單者到底在想什麼？」「這種行為太惡劣」。丟傳單者可能先獲得的不是欠款，而是警方通知到案。而據了解，宣傳單上稱欠款者也的確為關山鎮民，家族經營餐飲業，約在半年之前即已到南部工作，目前店面由其他家人接手，地點則不在散發傳單處。彭成豐推測，亂丟傳單者應不是鎮民，因為地方民眾會透過地方關係找債務人協商，呼籲要求返還欠債仍需尋正常合法管道。滿地宣傳單，累得10多名公所職員到處彎腰撿。（擷取自彭成豐臉書）熱門賽事、球星動態不漏接    ,https://news.ltn.com.tw/news/society/breakingnews/5263632
「華爾街女神」為爭產鐵槌擊殺姑姑  生母又涉偽造1.2億本票,社會,2025/12/01 11:56,「華爾街女神」陳莉婷。（資料照）自稱靠投資美股賺到上億元身家的「華爾街女神」陳莉婷，被控為了幫母親胡青青爭奪上億元家產，夥同友人用鐵鎚重擊胡青青的陳姓小姑頭部，一、二審法院依殺人未遂罪，判處2人各8年徒刑，撿回一命的小姑另外發現，遭人冒簽1.2億元的本票，財產差點被查封，台北地檢署今日依涉犯偽造有價證券罪，起訴胡青青。陳莉婷在臉書自稱「Great老師」，是台大地質系和化工系雙主修畢業的高材生，曾受訪稱自己從交易台股起家，金融海嘯後轉戰美股，靠著放空、槓桿操作、外匯及期貨等投資手法，10年間從10萬元資本賺到上億身家，曾在華爾街一周內賺50萬美金的亮麗成績，受到矚目，被稱為「華爾街女神」。請繼續往下閱讀...不過，她在2022年6、7月間，她騙走小姑的身分證，將她名下房產設定抵押給某公司，再冒名提款；胡青青、陳莉婷不滿小姑提告，心生殺機，竟然於2023年9月29日，找來共犯趁小姑返家搭電梯時，從後方用鐵槌襲擊小姑後腦，再強拉到逃生梯間，猛烈敲擊頭部，小姑嚇得尖叫呼救，驚動鄰居報警，眾人才停手。台北地院依殺人未遂罪重判胡青青、陳莉婷母女各8年徒刑，另依家暴傷害罪判陳莉婷1年1月、胡青青1年徒刑；上訴後，高等法院判決胡女、陳莉婷均上訴駁回，其中，母女2人涉傷害罪已定讞，殺人未遂罪部分上訴最高法院發回更審。陳女懷疑胡青青冒用她的名義偽造本票的部分可能不只這幾件，到司法院法學資料檢索系統查詢，果然又被她發現2023年8月，胡青青假冒她的名義偽造一張面額1.2億的本票，還向法院聲請裁定，最後因為沒有繳交裁判費因而被法院駁回，因此再對胡青青提出告訴。熱門賽事、球星動態不漏接    ,https://news.ltn.com.tw/news/society/breakingnews/5263615
女通緝犯在警察面前闖紅燈  被逮辯稱「眼睛受傷看不清楚」,社會,2025/12/01 11:43,傅女當著警察的面闖紅燈被逮。（記者王冠仁翻攝）傅姓女子先前涉犯一起竊盜案，被高雄地檢署發布通緝，她不久後北上台北，但在一處路口穿越道路時卻違規闖紅燈，當時恰好巡邏員警路過，立刻上前攔查。她拒絕配合還多次想離去，還辯稱自己近期眼睛受傷看不清楚，不是故意闖紅燈；警方最終查出她身分，這才發現她是通緝犯，隨即將她逮捕並解送歸案。北市警中正一分局忠孝東路派出所員警日前執行巡邏勤務，行經忠孝東路與紹興北街時，眼尖發現有一名婦人，不顧行人號誌為紅燈，居然大喇喇闖紅燈想穿越馬路。員警立刻停下機車向其呼喚，沒想到她居然拔腿就往反方向走，打算逃離現場。請繼續往下閱讀...員警直覺有異，立刻追上前去，婦人面對警方盤查，神情閃爍、態度閃避，拒絕配合並欲離開，員警立即通報線上警網到場支援，協助查證身分。過程中，這名婦人堅不配合，還辯稱自己眼睛受傷看不清楚才違規，表示自己不是故意闖紅燈，但警方最終查出她身分，發現她被雄檢發布通緝，員警立即宣讀權利並將其上銬逮捕。熱門賽事、球星動態不漏接    ,https://news.ltn.com.tw/news/society/breakingnews/5263633
無照還毒駕！新北男闖紅燈撞死騎士遭訴 轉國民法官庭審理,社會,2025/12/01 11:37,檢方認定，朱男明知施用毒品後駕車極易致生事故，仍無照上路，且闖紅燈造成他人死亡，行為嚴重危害公共安全，依法起訴。（記者劉詠韻攝）新北市汐止區朱姓男子施用多種二級毒品後，於無照前提下駕車上路，闖紅燈左轉時與對向直行機車發生猛烈碰撞，造成騎士曹姓男子多重創傷，經搶救仍於當晚不治。士林地檢署偵結後，依不能安全駕駛致死、施用二級毒品、無照駕駛等罪嫌予以起訴，案件將轉由國民法官庭審理。起訴書指出，朱男於今年8月5日清晨1時，先在汐止住處將二級毒品「依托咪酯」置入電子菸主機加熱吸食；同日上午9時，再以玻璃球吸食器加熱甲基安非他命。他明知施用毒品會影響判斷、反應能力，卻仍於下午2時15分罔顧危險，甚至在未取得駕照的前提下駕駛自小客車出門，準備接同事上班。請繼續往下閱讀...檢方指出，朱男沿汐止大同路一段往台北方向行駛，下午2時23分行經民權街口準備左轉時，未注意號誌仍為紅燈，竟在無視燈號管制下貿然左轉。當時曹姓男子騎著重型機車於對向外側車道直行，因距離過近閃避不及，雙方車頭猛烈撞擊，曹男整個人被撞飛倒地，當場重傷。曹男遭受頭部外傷併顱內出血、胸椎與肋骨多處骨折、胸腔與腹腔大量出血、肝脾腎等臟器破裂、骨盆腔骨折及四肢擦挫傷等多重創傷，送往三軍總醫院緊急開刀搶救，雖短暫恢復生命跡象，但因傷勢過重，當晚宣告不治。警方獲報到場後逮捕朱男，朱男同意搜索，警方在車內後座起獲含甲基安非他命的白色或透明晶體3包、褐色晶體1包，依托咪酯白色晶體1包、黏稠液體 1 瓶，以及吸食器、玻璃球等工具。其後送驗尿液，結果顯示安非他命濃度、甲基安非他命、依托咪酯皆超過行政院公告標準。檢方認定，朱男明知施用毒品後駕車極易致生事故，仍無照上路，且闖紅燈造成他人死亡，行為嚴重危害公共安全，依刑法第185條「服用毒品不能安全駕駛致死」等罪嫌將他起訴。熱門賽事、球星動態不漏接    ,https://news.ltn.com.tw/news/society/breakingnews/5263674
八旬老婦搭捷運 行李推進車廂卻把自己忘在月台,社會,2025/12/01 11:29,警方幫周婦找回行李箱。（記者王冠仁翻攝）八旬周姓老婦搭乘台北捷運要返家，她在北捷民權西路站要轉乘中和新蘆線時，由於當時乘車人潮不少，她聽到車站廣播提醒車門即將關閉，急忙將手中的行李箱推進車廂，沒想到下一秒車門隨即關閉。她相當焦急，隨即向站務人員求助；捷運警察隊獲報後，發現行李箱被尋獲，員警陪同她前往領取，她這才放下心中大石。警方調查，84歲周姓老婦日前到外地旅遊後返回台北，在台北捷運圓山站上車，打算返回住處，她搭捷運到民權西路站，打算轉乘中和新蘆線往迴龍方向列車。她當時推著白色行李箱在月台候車，但候車人潮不少，當列車抵達後，她疑因年事已高、動作較慢，雖然心中想著要加快腳步上車，但只來得及將行李箱推上車後，就眼睜睜看著車門就關閉。請繼續往下閱讀...周婦驚慌失措，隨即向站務人員求助，站務人員立刻通報捷運警察隊。員警到場後先安撫她情緒，同時查詢該班列車資訊，經逐站查找，得知台北橋站車廂內有一個無人看管的白色行李箱，外觀描述與周婦所說一致，站務人員隨即先將行李箱帶下車，員警也立刻陪同周前往認領，確認內容物均未遺失。捷運警察隊呼籲，為確保旅客乘車安全，當列車關門警示音響起時，請勿再強行進入車廂，勿將行李、推車等物品推送入車廂內。離開月台、車廂、廁所前，應先檢查隨身物品以免遺失，如不慎遺失，可立即向站務、保全人員或捷運警察反映，或撥打110報案，捷運警察將即刻提供協助。周婦推著行李箱到月台候車。（記者王冠仁翻攝）熱門賽事、球星動態不漏接    ,https://news.ltn.com.tw/news/society/breakingnews/5263660
降低大型車事故風險 平鎮警今年取締違規件數較去年同期增加60％,社會,2025/12/01 11:24,平鎮警方加強取締大型車違規守護用路安全，雙管齊下執法宣導降低大型車事故風險。（平鎮警方提供）桃園市警察局平鎮警分局有鑑於大型車與機車發生碰撞往往釀成嚴重死傷，為有效降低事故發生率，採行「嚴格執法」與「教育宣導」雙管齊下策略，今年取締大型車輛違規件數較去年同期增加60%。警方除持續取締各項大型車輛交通違規外，也同步持續落實大型車源頭管理，透過實車演示向職業駕駛解析視野盲區，期能透過執法與教育並行，全方位守護用路人安全。平鎮警分局交通組長王瑞程今（1）日表示，經統計平鎮警方今年1月至11月取締大型車輛違規共計取締2157件，較113年同期1355件增加802件，未來將持續針對大型車輛「超載」、「超速」、「闖紅燈」、「貨物捆紮不牢」「違規行駛禁行路段」和「違規停車」等重點違規加強稽查取締、以提升大型車駕駛人的守法意識與防禦觀念，進而實質降低了事故發生率。請繼續往下閱讀...平鎮警方同時前往轄內各大型車公司進行交通安全宣導，透過實車教學示範如何精準調整後照鏡，並推廣「指差確認」安全動作，要求駕駛落實「眼到、手到、口到」，在轉彎與變換車道時全面掌握車周狀況。同時，現場也再次重申酒後駕車的嚴重刑責，提醒駕駛人切勿以身試法，盼透過實務操作與法規教育，共同為道路安全把關。警方呼籲，交通安全非僅靠警方執法，仍需仰賴所有用路人共同維護。大型車駕駛應善盡職業道德，落實行車安全檢查及視野確認；機車騎士與行人也應建立正確「防禦駕駛」觀念，行駛時務必遠離大型車「內輪差」與「視野死角」範圍，以確保自身安全。警方將持續秉持執法與宣導並重的原則，全力為市民打造更平安、順暢的交通環境。平鎮警方加強取締大型車違規守護用路安全。（平鎮警方提供）熱門賽事、球星動態不漏接    ,https://news.ltn.com.tw/news/society/breakingnews/5263612
噁男假地下匯兌逼口交錄影 和解換輕判3年8月確定入獄,社會,2025/12/01 11:23,吳男謊稱換匯詐財並強迫被害女子口交錄影，一審重判7年1月，二審因達成和解改判3年8月；最高法院駁回上訴，全案定讞。（記者劉詠韻攝）吳姓男子謊稱要把中國的積蓄透過地下匯兌匯回台灣，以提供報酬為餌，詐騙女網友A（化名）借錢予他，得手後還強迫 A女為其口交並錄影，另犯多起詐騙案。一審依強制性交罪及詐欺罪，判處不得易科罰金部分有期徒刑7年1月，另得易科罰金部分1年；二審考量被告已與A女達成和解，改判強制性交部分為3年8月，其餘維持原判。案經再上訴後，最高法院今予以駁回，全案定讞。判決指出，2023年3月，具有詐欺前科的吳男在交友網站結識A女，約一個半月後佯稱需將中國人民幣匯回台灣，向她借錢，聲稱換匯成功後會歸還並給予報酬。A女信以為真，陸續29次交付款項，累計超過27萬元。請繼續往下閱讀...款項交付後，吳男稱地下匯兌業者要求提供兩人性行為影像，以證明為情侶關係才能換匯；A女拒絕拍攝不雅影片，但因擔心借款難追回，仍赴宜蘭礁溪與吳男見面。她進入吳男的小客車後，吳男佯稱附近有業者監視，要求她口交並錄影；A女因擔心安全、害怕遭遇不測，在恐懼下被迫屈從。吳男遂啟動手機錄影，拍下全段過程。事後，吳男要求A女先行離開，聲稱將稍後匯款還錢，但並未履行承諾。宜蘭地院審理時，他否認強制性交，但未獲採信。法院調查發現，除對A女犯行外，吳男亦透過LINE，以投資股票、兩岸換匯、購買馬桶等理由，詐騙另3名被害人匯款；一審認定其犯下強制性交罪及多起詐欺罪，不得易科罰金部分應執行有期徒刑7年4月；另可易科罰金部分1年，可易科罰金36萬元。二審期間，吳男與A女達成和解。高院審酌，吳男為滿足性慾，不顧A女多次拒絕及心理感受，以虛偽理由詐欺並利用其恐懼心理，違反其意願使其口交並錄影，造成難以磨滅的心理陰影，也讓其家屬承受重大精神痛苦。雖被告供詞反覆，審理時仍否認部分犯行，但既已與告訴人和解，遂酌減改判強制性交罪為3年8月，其餘詐欺罪維持原審。案經再上訴，最高法院認為二審認事、判決並無違誤，予以駁回，全案確定。熱門賽事、球星動態不漏接    ,https://news.ltn.com.tw/news/society/breakingnews/5263610
少年騎YouBike違規行駛人行道 擦撞5歲女童將挨罰,社會,2025/12/01 11:10,謝姓少年擦撞女童後，女童母親氣得大罵「你騎這麼快當然煞不住阿」，隨後帶著女童前往醫院治療。（記者陸運鋒翻攝）謝姓少年昨天晚間9時許騎乘YouBike微笑單車，行駛新北市新店裕隆城前人行道時，不慎擦撞一名5歲女童，造成女童受到擦挫傷，由於少年身材相當魁梧，女童母親氣得大罵「你有沒有想過你的體重，加上這速度會造成什麼後果？」隨後帶著女童前往醫院治療，而警方依程序受理，將對少年開出罰單。新店警分局調查，15歲謝姓少年當時騎著單車準備返家，但違規行駛在新店中興路三段裕隆城前人行道，途中疑未注意路況，單車前方菜籃不慎擦撞正在拍照的5歲顧姓女童，造成顧童右臉及右頸擦挫傷。請繼續往下閱讀...由於謝姓少年身材較一般少年壯碩，愛女心切的顧母氣得大罵「你有沒有想過你的體重，加上這速度會造成什麼後果？」而警方獲報到場後，顧母隨即將愛女帶往新店慈濟醫院治療，幸無生命危險。據指出，謝父得知此事後急忙前往醫院，頻頻向顧母道歉，警方則依交通事故程序受理，並調閱相關影像釐清事故原因，至於少年已年滿14歲，警方將對其開出300元以上、1200元以下罰鍰。少年騎單車違規行駛在新店裕隆城前人行道。（記者陸運鋒翻攝）熱門賽事、球星動態不漏接    ,https://news.ltn.com.tw/news/society/breakingnews/5263611
台中16歲少年清晨無照騎車載妹 自撞分隔島送醫1死1傷,社會,2025/12/01 10:33,台中16歲高姓少年今天清晨涉嫌無照騎車，在南區一處路口自撞分隔島送醫不治。（記者陳建志翻攝）台中16歲高姓少年今天（1日）清晨5點多涉嫌無照駕駛機車載16歲魏姓少女，行經南區建成路與合作街口時，因不明原因自撞分隔島後摔車，高男當場意識模糊，經送醫急救仍不治，魏女則是全身多處擦挫傷意識清楚住院觀察，詳細肇事經過和原因，將由警方進一步調查釐清。台中市消防局今天清晨5點26分接獲民眾報案，指稱南區合作街與建成路口疑似有機車自摔，抵達時發現有1男1女傷者倒臥地上，其中男性傷者意識模糊，經處置後緊急送醫，女性傷者則是腹痛、左小腿擦挫傷、意識清楚，經處置後送醫治療。請繼續往下閱讀...警方調查，該名男姓傷者為16歲高姓少年，為無照駕駛，經送醫急救仍不治；女性乘客則為魏姓少女（16歲），經送醫後情況穩定，不過因驚嚇過度，至今仍無法接受詢問，2人是否是高中生？以及兩人關係還有待釐清。警方呼籲，民眾切勿無照駕駛，行車時務必注意車前狀況，保持安全車速與安全距離，專心留意路況，避免分心駕駛，共同維護行車安全。熱門賽事、球星動態不漏接    ,https://news.ltn.com.tw/news/society/breakingnews/5263554
高雄新興區3轎車追撞 車損無人傷,社會,2025/12/01 10:26,高雄新興區3轎車追撞，肇因待查。（民眾提供）高雄市新興區中山、青年路口昨日20時36分許，發生3輛轎車追撞車禍，造成3車損壞，所幸3車駕駛只受到驚嚇。新興分局今（1）日表示，自強派出所於昨日20時36分許獲報案，指轄區中山與青年路口發生自小客交通事故，巡邏警組立即前往現場管制並疏導交通。請繼續往下閱讀...經瞭解，現場為中山二路北向南左轉車道上，2輛轎車分別由徐男（29歲）與陳女（55歲）所駕駛至該路口左轉車道，等待左轉時，突遭剎車不及車輛陳男（20歲）所駕駛的轎車追撞，所幸現場無人受傷。新興分局呼籲，行車務必保持安全距離、注意車前狀況並放慢車速，以避免突發狀況造成追撞事故；駕駛應隨時留意路況、集中注意力，共同營造安全順暢的道路環境。高雄新興區3轎車追撞，肇因待查。（民眾提供）熱門賽事、球星動態不漏接    ,https://news.ltn.com.tw/news/society/breakingnews/5263551
成功鎮吊車事故1死1傷 警義消偕同吊車11小時終讓人員脫困,社會,2025/12/01 10:20,歷經11小時努力，將人脫困救出。（消防局提供）成功鎮沿海堤防昨一輛160噸級吊車吊掛消波塊時不慎翻覆，車輛起火燃燒，兩名人員受困。台東縣警消前往救援，結合海巡、警察及民間吊車業者，歷經11小時的馬拉松式救援，於22時35分救出最後一名受困者，惜已死亡多時。台東縣消防局表示，指揮中心於昨日上午11時24分接獲報案，雖救援人員6分鐘即抵達現場，但大型吊車翻覆卡在堤防邊緣，駕駛座嚴重變形，一名作業員意識清楚但遭車體夾住，另一名駕駛（老闆）則受困駕駛座，已無生命徵象。搜救人員當機立斷，立即使用軍刀鋸及三合一破壞剪破壞車體，於12時02分協助作業員脫困，並由救護車送往台東馬偕醫院救治。請繼續往下閱讀...一波未平一波又起，作業員才剛脫困2分鐘，現場突然起火，警義消以海水、泡沫覆蓋滅火，花了約2.5小時撲滅。由於事故車重達160噸且結構複雜，現場指揮體系迅速協調台東市區及高雄陸續調度100噸、120噸及200噸級吊車趕赴現場，從19時30分展開聯合吊掛作業，直到22時00分第三次吊掛成功，將變形的駕駛艙從海堤邊緣拉開空間。為確保救援人員與患者安全，現場指揮官特別設置「安全官」全程監控鋼纜狀況，並於地面鋪設吸油棉防滑，同時在狹窄的海堤上利用雙節梯與掛梯架設臨時工作檯面，並設立裝備器材區以利作業。消防人員在極度受限的空間內，精準操作三合一頂撐、軍刀鋸及月牙剪等破壞器材分解車體，期間並利用繩索固定患者以防滑落。經警義消人員不懈努力，終於在22時35分將罹難駕駛遺體脫困，交由家屬及勤區警方進行後續處理。台東縣消防局呼籲，大型機具作業具高度風險，相關業者在進行高危險作業時，務必嚴格遵守安全規範，並隨時注意周遭環境變化，以確保作業人員安全。陸續以不同噸位吊車作業。（消防局提供）在濕滑、惡劣環境仍努力將人脫困救出。（消防局提供）在濕滑、惡劣環境仍努力將人脫困救出。（消防局提供）熱門賽事、球星動態不漏接    ,https://news.ltn.com.tw/news/society/breakingnews/5263545
帶別人的孩子到禁止戲水處遊玩溺斃 2家長判刑,社會,2025/12/01 10:11,瑪家鄉牛角灣溪溺水意外時有所聞。（資料照）屏東縣莊姓婦人與許姓婦人相約帶孩子出遊，池姓男童父母無法參加，便將孩子托付看顧，沒想到莊、許2人帶孩子到有禁止戲水告示的瑪家鄉牛角灣溪玩水，池童見同伴似溺水，便下水救援，不料慘遭滅頂；莊婦與許婦被依過失致死罪嫌送辦，屏東地院認為2人應負過失責任，各判處1年徒刑，可上訴。莊婦、許婦及黃婦的孩子為國小同班同學，去年5月間，莊、許2人提議一起帶孩子出遊，黃婦因無法參加，便將兒子池童交由莊、許2人看顧，莊婦與許婦於是帶著孩子們一起前往瑪家鄉牛角灣溪玩水，池童看到莊姓婦人的林姓兒子似有溺水情形，於是下水救援，卻因不諳水性發生溺水，莊、許2人發現後，隨即下水搜救，卻找不到池童，趕緊向附近民眾求助，但池童被救起時已無生命跡象，送醫搶救無效，莊婦及許婦被依過失致死罪送辦。請繼續往下閱讀...屏東地院認為，案發地點設有禁止進入戲水告示，但莊婦及許婦卻疏未注意，2人既應允黃婦所托而帶池童參與出遊，更應多加注意、小心謹慎，卻置身於具有潛藏危險性的環境中，因一時輕忽導致不幸，造成無法彌補傷痛，加上2人遲未與池童家屬達成和解取得原諒，依過失致死罪，分別判處莊婦及許婦各1年徒刑。熱門賽事、球星動態不漏接    ,https://news.ltn.com.tw/news/society/breakingnews/5263511
看到警察扔下朋友落跑「仆街」落網  越籍移工雙重身分曝光,社會,2025/12/01 09:58,阮男看到警察就丟下朋友離開，員警上前攔查時他拔腿狂奔，雙方追逐約100公尺，阮男「仆街」被制伏。（記者鄭淑婷翻攝）阮姓越南籍失聯移工昨（30）日晚間8點40分出沒在桃園市桃園區1間餐廳，警方執行隔壁旅館臨檢時，發現阮男看到警察就丟下朋友離開，上前攔查時他拔腿狂奔，警方追逐約100公尺，阮男「仆街」被制伏，除了失聯，阮男還是詐欺通緝犯。桃園警分局武陵派出所副所長王育晟當時率同仁往桃園區復興路某旅館執行臨檢勤務，員警剛要進入，突然發現阮男從旁邊餐廳走出，疑似看到有警察，他不顧朋友詢問逕自離開。請繼續往下閱讀...員警察覺有異，立即進行攔查，阮男馬上拔腿狂奔，員警在後尾隨，雙方追逐約100公尺，阮男不慎跌倒被員警制伏，經查阮男於去年2月被通報失聯，另因涉嫌詐騙案件被發布通緝中，員警立即將他逮捕依法解送歸案。阮男看到警察就丟下朋友離開，員警上前攔查時他拔腿狂奔，雙方追逐約100公尺，阮男「仆街」被制伏。（記者鄭淑婷翻攝）熱門賽事、球星動態不漏接    ,https://news.ltn.com.tw/news/society/breakingnews/5263490
遭通緝12年男子化名製毒 南警追緝到案,社會,2025/12/01 09:38,"吳姓男子遭通緝12年3個月，化名租屋藏身高雄製毒，南市刑大今年6月依1件毒品案向上溯源，追查到吳嫌在藏匿地點加工製造毒品及出貨。（記者王涵平翻攝）吳姓男子遭通緝12年3個月，化名租屋藏身高雄製毒，南市刑大今年6月依1件毒品案向上溯源，追查到吳嫌在藏匿地點加工製造毒品及出貨，現場儲放大量毒品與化學原料，查獲海洛因等毒品市價約400萬元，訊後依違反毒品危害防制條例送辦。吳嫌（39歲，有毒品、槍砲前科）曾被查獲多次持有大量毒品、化學藥劑，警方今年6月獲報後展開跨縣市跟監蒐證，然吳嫌使用假證件承租租屋處、晝伏夜出、以電動腳踏車代步、使用國際漫遊卡、三餐均以外送平台點餐，行事相當隱密，在掌握吳嫌行蹤與交通工具後，日前持拘票及搜索票展開行動，現場查獲第一級毒品海洛因（毛重244.67公克）、第二級毒品安非他命（毛重1,826.38公克）、現金新台幣220萬元，並查扣二氧化矽、苯甲酸鈉等化學藥品及壓模器、雙獅牌印章等製毒器具，疑為稀釋海洛因純度並重塑海洛因磚所用。請繼續往下閱讀...警方指出，吳嫌屋內有大量化學書籍，疑似研讀製毒技術，現場查扣之部分安非他命放置於量杯內，雙獅牌印章和壓模器疑似購買其他化學原料摻混稀釋後再壓成海洛因磚，轉售賺黑心錢。吳姓男子遭通緝12年3個月，化名租屋藏身高雄製毒，南市刑大今年6月依1件毒品案向上溯源，追查到吳嫌在藏匿地點加工製造毒品及出貨。（記者王涵平翻攝）熱門賽事、球星動態不漏接    ",https://news.ltn.com.tw/news/society/breakingnews/5263499
「貪3萬報酬」中風男賣帳號給詐團洗錢 判刑6月再賠250萬,社會,2025/12/01 08:42,彰化謝姓男子為貪3萬報酬，賣帳號給詐團洗錢656萬元。彰化地院審理，依幫助洗錢罪判處有期徒刑6月，另須負民事賠償責任，對彭姓被害人賠償250萬元。（記者陳冠備攝）彰化謝姓男子因中風無法工作、只能靠補助度日，面對經濟窘迫，只好將個人銀行帳戶，以3萬元代價賣給詐騙集團使用，因此導致4 名被害人遭騙匯款共656 萬元。謝男辯稱只是缺錢，未實際參與詐騙。法院審理，仍將謝男依幫助洗錢罪判處有期徒刑6月、併科罰金3萬元。民事部分更須賠償其中一名被害人250萬元，可謂得不償失。判決書指出，謝男於去年11月間透過通訊軟體LINE，將其華南商業銀行帳戶的網路銀行帳號與密碼，以3萬元販售給詐騙集團。該集團隨即於IG、臉書等平台刊登投資訊息，誘騙蔡姓、彭姓等4名被害人投資股票。4人信以為真，分別匯出123萬、250萬、202萬及81萬元至謝男帳戶，詐團得手後，立即將錢轉匯一空，等被害人發現時已經來不及，只好到警局報案。請繼續往下閱讀...謝男到案後坦承有賣帳戶收取3萬元報酬，但辯稱自己因中風、無業、為經濟所逼而受誘惑，並未實際參與詐騙過程。不過檢察官偵辦後，認定謝男提供帳戶已構成幫助洗錢，依法提起公訴，並具體求刑8個月。法官審理認為，謝男雖經濟困頓、身體狀況不佳，但具備基本判斷能力，應可預見提供帳戶予他人可能用於犯罪，其責任難以免除；惟考量謝男未實際參與詐欺犯行，僅為幫助犯、責難性較小，且自白犯行，最終判6月徒刑，併科罰金3萬元，並沒收其犯罪所得3萬元。然而遭詐騙250萬元的彭姓被害人心有不滿，另案提起附帶民事訴訟。面對求償，謝男辯稱，「我現在沒有錢可以賠償」。法院審理後，認定謝男提供帳戶幫助詐欺的侵權行為屬實，判決他應全額賠償彭女250萬元及其法定利息。熱門賽事、球星動態不漏接    ,https://news.ltn.com.tw/news/society/breakingnews/5263438
屏東地區今天起加強取締酒駕等四大違規行為,社會,2025/12/01 08:32,年終重大車禍容易發生，警方加強取締交通違規。（屏東警分局提供）每到年終最容易發生重大車禍案件，去年（113年）12月份屏東地區就發生8件A1類死亡交通事故，顯示年終因為人情浮動，易發生交通事故，屏東警分局從今天起針對「闖紅燈」、「無號誌路口未停讓」、「酒後駕車」及「未依規定戴安全帽」等四項高風險違規，列為重點取締項目，請民眾特別注意。屏東警分局表示，從今天起規劃了交通執法專案勤務，針對四大易肇事違規行為加強取締，從事故分析指出，闖紅燈及路口未停讓車輛，極易釀成嚴重傷亡事故；酒後駕車則會導致判斷及反應能力下降，亦是重大交通事故主因之一；另騎乘機車未戴安全帽，一旦發生事故，頭部受創機率極高，常造成無法挽回之後果，民眾切勿心存僥倖，一定要共同遵守交通規則。請繼續往下閱讀...另外，呼籲用路人，務必遵守號誌、路口減速慢行、酒後不開車、騎乘機車配戴安全帽，將「守法」成為習慣，才能真正保障自己與他人的生命安全；警方也將持續滾動式檢討執法成效，全力維護良好的交通環境。屏東警方年終加強取締四項交通違規。（屏東警分局提供）熱門賽事、球星動態不漏接    ,https://news.ltn.com.tw/news/society/breakingnews/5263432
男子「螃蟹切」轉彎不甩警車後方聲聲喚 罰2萬扣照半年,社會,2025/12/01 08:29,楊男開車於苗栗縣通霄鎮台一線左轉苗128縣道時，未先駛入內側車道，直接跨越多個車道轉彎，被通霄警分局員警目睹，駕駛警車趨前於後方追躡。（翻攝google街景）楊姓男子開車轉彎「螃蟹切」，被巡邏警方目睹跟上在後鳴笛並多次廣播「請靠邊停車」、「要多開一張拒檢逃逸喔」、「再不停駕照要沒囉」，但楊男不甩，逕自開上國道離去，被警告發「拒絕停車接受稽查而逃逸」罰2萬元、吊扣駕照半年。楊男不服，提行政訴訟，主張當時因專注找國道入口，沒注意到後方警車攔查的行為，並非故意拒檢逃逸，還怪警察「為何不直接把他攔下？」法院審理，認楊男無理，予以駁回。楊男於今年5月27日上午11點多，開車於苗栗縣通霄鎮台一線左轉苗128縣道時，未先駛入內側車道，直接跨越多個車道轉彎，被通霄警分局巡邏警方目睹，駕駛警車趨前於後方追躡，並多次鳴警號、警笛及以廣播呼叫楊男靠邊停車，但楊男不甩，開上國道3號離去。楊男被警逕舉告發「拒絕停車接受稽查而逃逸」，罰2萬元、吊扣駕照6個月。請繼續往下閱讀...楊男提行政訴訟，主張他因在尋找國道3號入口，未注意有警車追躡於後，也未聽到警車有鳴警笛、警號及以廣播示意他停車，他並非故意拒絕停車接受稽查而逃逸，還質疑警察「為何不直接把他攔下？」然警車行車紀錄器影像顯示，員警見楊男違規駕車行為後，即以警車長鳴一聲警號，上前追躡於楊男車輛後方，至楊男進入國道3號通霄交流道南下方向匝道上國道離去之間路程，警車多次鳴笛，並透過廣播多次呼喊楊男車輛車號「請靠邊停車」，及「要多開一張拒檢逃逸喔」、「再不停駕照要沒囉」等，但楊男車輛都未靠邊停下。法官勘驗後，認為舉發員警始終駕車緊跟於楊男車輛後方，2車間也沒有其他車輛，楊男的主張有違常情，也無法舉證，不可採。另，按「取締一般交通違規作業程序」並未規定警員應至違規車輛車前或車旁實施攔停稽查行為，並載明警察以警鳴器、警笛、喊話氣呼叫靠邊停車，仍不靠邊停車接受稽查或逃逸者，即符合不服稽查取締事實之認定。熱門賽事、球星動態不漏接    ,https://news.ltn.com.tw/news/society/breakingnews/5263427
狼父酒後對10歲女兒襲胸、摸下體   卻因一關鍵逃過追訴,社會,2025/12/01 08:24,南投一名父親，2021年酒後對女兒襲胸、摸下體，母親事後得知提告，法院認定性騷擾，卻因超過告訴時效，台中高分院判決駁回。（記者陳建志攝）南投一名父親，2021年酒後，對10歲女兒襲胸、摸下體，母親事後得知提告，南投地院審理時，父親否認犯行，辯稱只是不小心碰觸胸部，法官認定觸犯屬告訴乃論的性騷擾罪，但因告訴時間是知道時間起6個月內，但女童母親過了2年才提告，已超過告訴期間，做出不受理判決，檢察官不服上訴二審，台中高分院仍駁回，讓這名父親逃過追訴。判決指出，南投一名父親2021年8月某日中午酒後，發現當時10歲大的女兒在房間床上側躺滑手機，竟從後方抱住她，再一隻手伸到女兒左側內衣裡面，直接以手持續碰觸女兒的左側乳房、乳頭約3、4分鐘，再以同一隻手，隔著女兒褲子觸摸她下體約1、2分鐘，經制止才停止回到自己房間，女童嚇到立刻告知母親。請繼續往下閱讀...女童母親作證表示，女兒當天中午就告訴她這件事，立刻向先生求證，先生默認有猥褻女兒的事實，但辯稱是喝酒喝太多才有這些行為，檢察官依對未滿14歲之人強制猥褻起訴。南投地院審理時，這名父親否認犯行，辯稱當時女兒仰躺在床上滑手機，自己想和她玩去抱她，因前一日飲酒宿醉，不慎碰到她的乳房，強調當時手就馬上縮回，也沒有碰觸女兒的下體。南投地院法官認為，強制猥褻罪與性騷擾罪雖均都是出於違反被害人意願的方法，不過前者非僅短暫干擾，且須已影響被害人性意思形成、決定的自由，後者則是趁被害人不及抗拒時，出其不意乘隙短暫的觸摸，兩者並不相同，認定該名父親的行為觸犯性騷擾罪。法官強調，依性騷擾防治法第25條第2項規定，本罪屬告訴乃論，而告訴乃論之罪，其告訴應自告訴人知悉犯人之時起，在6個月內為之，但女童母親在2021年8月當天中午就知道，卻在過了2年的2023年9月25日才提出妨害性自主告訴，已超過告訴期間，依刑事訴訟法規定做出不受理判決。檢察官不服上訴二審，台中高分院法官審理後，仍認定男子行為屬性騷擾，因已超過6個月告訴期間，原審判決不受理並無不當，判決駁回，可上訴。熱門賽事、球星動態不漏接    ,https://news.ltn.com.tw/news/society/breakingnews/5263423
幫「無國界醫師」送包裹 7旬女車手詐得377萬元下場曝光,社會,2025/12/01 08:07,70歲戴姓女子當車手，佯裝貨運員幫送裝有美金的包裹，代收男付了377萬元費用才知受騙，南投地院判處戴女2年6月有期徒刑，併科罰金35萬元。（記者陳鳳麗攝）南投縣戴姓女子佯裝貨運人員，前後6次送「裝有美金」包裹給李姓男子，請他代「無國界女醫師」收包裹，並代繳費用共377萬元，李男為此借貸200萬元，而戴女當車手每10萬元分500元，共分到1.8萬餘元，南投地院將戴女以洗錢罪名判刑2年6個月，併科罰金35萬元。現年70歲、大學畢業學歷的戴姓女子，加入詐騙集團當車手，2023年6月5日起至同年8月5日期間，由暱稱「李紅」女子，以通訊軟體「Messenger」聯絡李姓男子，假扮無國界醫師，請李男代「李紅」收受裝有高額美金的包裹，戴女再到李男家中送國際包裹，詐稱李男須先繳交各項費用，才能代為收受高價包裹。請繼續往下閱讀...李男信以為真，前年6月5日至8月5日，先後6次交付新台幣12萬9000元、38萬3757元、61萬5000元、154萬3316元、16萬元、93萬8820元，合計共376萬9893元給戴女。戴女收到錢後，就到高雄市某處，將所收取詐欺贓款轉交「李紅」，製造金流斷點。李姓男子被感情詐騙數月，代收第6次包裹，付了近377萬元告知「李紅」沒有錢再幫忙收包裹，對方即不再聯繫，李男終於夢醒報案。戴女被多個地檢署通緝，今年8月下旬才到案，至今羈押中，南投地院法官審酌，戴女當車手，收取10萬元可分得其中500元，合計收了1萬8449元，造成李姓被害人高達376萬9893元的財產上損害，更背負200萬元債務，以洗錢罪判刑2年6個月，併科罰金35萬元。熱門賽事、球星動態不漏接    ,https://news.ltn.com.tw/news/society/breakingnews/5263409
罰不怕？彰化火車站周邊「罰單熱點」在這裡,社會,2025/12/01 07:25,就算是黃線內也不行，只要車輪超過柏油路或是水溝蓋，或是人行道都不能停。（民眾提供）彰化火車站周邊的路邊停車格一位難求，每到假日就會看到一整排機車被開違停罰單。彰化警方表示，無論是人行道，或是劃設紅、黃線的路段，只要是車輪超過柏油路面或水溝蓋一點點都是違停，只要接獲檢舉，就可開罰600元到1200元罰鍰。根據警方統計，彰化市三民路名列全縣十大違停的第六名，主要原因就是火車站前的機車違停，很多民眾誤以為只要停放在紅線或是黃線內的區域，就一切OK。事實上，只要車輪有超過柏油路或是水溝蓋，通通都算是違停。請繼續往下閱讀...有民眾表示，因為每天搭車到台中，經常都會看到警方在火車站前的三民路一帶在取締機車違停，因為是一整排違停，一開就是一整排，有的機車可能一停就好幾天，整個機車後座手把就有好幾張違停罰單，由於機車違停罰單每張600元起跳，這樣還不如花錢去停在停車場，或是坐計程車來搭車，不然還沒出門上班，鈔票就先飛了。警方指出，只要接獲檢舉就會前往取締，尤其是彰化火車站周邊，無論是前站的三民路、中正路或是光復路，還是後站的辭修路，都是檢舉熱點。有人因為趕著搭車，只好機車隨處一停，又或是碰到放假就是一停好幾天，只要有人檢舉就會依法告發。彰化火車站周邊都是檢舉熱點。（民眾提供）彰化火車站周邊都是檢舉熱點，警方只要接獲檢舉就要前往取締。（記者劉曉欣攝）彰化火車站周邊都是檢舉熱點，尤其是三民路段更是全縣十大違停熱點。（民眾提供）熱門賽事、球星動態不漏接    ,https://news.ltn.com.tw/news/society/breakingnews/5263393
婦毀損台灣博物館銅牛 判罰1萬4千,社會,2025/12/01 05:30,周姓婦人去年六月四日中午前往台灣博物館時，竟利用手上液體朝放置在館前的銅牛潑灑造成毀損。（資料照）五十九歲周姓婦人去年六月四日中午前往台灣博物館時，竟利用手上液體朝放置在館前的銅牛潑灑。館方人員事後發現銅牛烤漆受損，調閱監視器發現遭人刻意破壞，報警處理。台北地方法院近日審結，認定周婦觸犯毀損罪，判罰一萬四千元，得易服勞役。博物館人員於案發後，巡場時發現，館前廣場東側銅牛臀、尾部位置有腐蝕痕跡，趕緊調閱一個月內監視器影像；結果發現只有一名婦人曾靠近銅牛後，有潑灑液體之舉。因該液體腐蝕保護銅牛的烤漆，造成表面損壞，決定報警處理。請繼續往下閱讀...檢警利用影像追查嫌疑人，比對後鎖定周姓婦人涉有重嫌，通知她到案說明，周婦到案後向檢警表示，監視器拍到自己畫面的那一天，確實有到藥房購買一瓶酒精，並且繞著銅牛細細欣賞，但未對銅牛潑灑酒精或其他液體，否認犯行。檢察官則認為，館方人員調閱近一個月的監視器影像，確認只有周婦一人靠近銅牛，且有潑灑動作，認定她就是犯嫌，依涉犯毀損罪將她起訴，並向法院聲請簡易判決處刑。法官認為，周婦無故損壞銅牛烤漆，侵害他人財產，實屬不該；考量其犯後僅承認部分犯行，未賠償損害及銅牛損壞情形，判罰一萬四千元，得易服勞役十四天。熱門賽事、球星動態不漏接    ,https://news.ltn.com.tw/news/society/paper/1734223
新北農地遭倒廢瀝青 附近有堆置場／疑環保蟑螂轉介捨近求遠 檢警續追,社會,2025/12/01 05:30,業者稱是當地里長轉介，不知道是非法場地，圖為業者移除廢瀝青後覆蓋稻草。（記者吳仁捷攝）新北市三峽兩千坪農地遭傾倒大量廢瀝青，環保蟑螂介入一案，檢警昨通知營造公司朱姓負責人到案，朱女供稱，因合法瀝青堆置場無法進場，透過插角里長劉添財轉介該處暫置，不知道堆置該農地違法，欣然受罰、移除；但里民加碼爆料，距離工地較近的東眼橋下，就有一處堆置場，質疑環保蟑螂轉介不知情業者，到六公里外的偏僻農地棄置，即使目前沒有對價關係，事後也具有不法犯意，呼籲檢警務必揪出藏鏡人。農業局︰監督營造商完成清運位於新北市三峽區插角山區的內插角小段一大塊農地，驚傳遭人傾倒三百餘立方公尺的大量廢瀝青，地方里民指控是在同里施作暗鞍路工程的某營造公司所為，新北市農業局認定破壞農地嚴重，依違反水土保持計畫重罰業者卅萬元，要求限期移除；營造公司從十一月廿八日晚間起，持續清運到昨天凌晨才移除，並覆蓋稻草；農業局表示，初步監督營造商完成清運，但部分坑洞、表土仍殘留廢瀝青，將再實勘、採樣，要求業者完全清運，否則將改由環保局依廢清法接手重罰。請繼續往下閱讀...據了解，營造公司負責人朱女到案，供稱是當地里長轉介，原以為是提供合法場地暫置，對於里長介紹違法場所，導致受罰、列入廠商黑名單，也感無奈；檢警掌握環保蟑螂情資，與營造商供詞方向接近，涉案嫌犯範圍縮小，仍待通知里長劉添財、地主到案，釐清何人轉介、意圖從中牟利；知情人士說，在污染源農路附近的東眼橋下，早年曾因工程暫置營建廢棄物，質疑環保蟑螂轉介到更深山處，意圖不軌，希望檢警深入追查不法，替居民守護山林。針對此起三峽農地遭污染案，不少老家在插角里的居民都相當氣憤，認為環保蟑螂轉介重污染的廢瀝青污染山林，直斥是「垃圾人」，要求警方、農業局加強查緝，保護美好家園。熱門賽事、球星動態不漏接    ,https://news.ltn.com.tw/news/society/paper/1734222
製造假車禍當街劫女千金600萬金飾／失手搶匪判3年10月,社會,2025/12/01 05:30,"黃姓女千金6月5日攜帶裝有6百萬元金飾的兩個行李箱，差點被搶走。 （讀者提供）裝有黃金的行李箱被搶，黃女起身抵抗，所幸當地店家見義勇為上前攔阻，協助黃女奪回行李箱。（民眾提供）桃園市黃金加工廠黃姓女千金，攜帶裝有六百萬元金飾的二個行李箱到宜蘭鋪貨，遭二十三歲男子邱鉦恩盯上，邱男駕駛BMW豪車從桃園一路尾隨，在宜蘭市鬧區製造假車禍意圖行搶，被見義勇為店家攔阻未能得逞，失手逃逸後落網。一審法官認定他犯強盜未遂罪，處有期徒刑三年十月。判決指出，邱鉦恩透過許姓男子（另由宜蘭地檢署偵辦）得知桃園市一家公司旗下有間黃金加工廠，竟心生歹念，今年初上網購買偽造車牌，再向不知情友人借來BMW轎車，將轎車改掛偽造車牌，駕車到這家黃金加工廠附近觀察相關作息。請繼續往下閱讀...盯上黃金加工廠 買偽造車牌 借車行搶 六月五日上午十一點，邱男見到黃姓女千金攜帶二個行李箱離開黃金加工廠，便開車尾隨黃女搭乘的車輛，一路從桃園跟到宜蘭，行李箱內裝四百三十九份手鍊、二百三十九份耳環，總重四十到五十兩，價值約六百萬元黃金加工飾品。邱男撞倒黃女行搶 店家見義勇為攔阻當天下午一點四十六分，黃女在宜蘭市新民路下車，獨自拖著二個行李箱步行前往某銀樓途中，邱男駕駛BMW撞倒黃女，隨即下車搶奪她所攜帶的一個行李箱，黃女起身抵抗，被打了好幾拳，身上多處擦挫傷，所幸當地店家上前攔阻，協助奪回行李箱，邱男匆忙駕車逃逸。邱男失手逃逸 躲藏防風林被查獲 邱男失手後開車到距離案發現場六十多公里外的南澳鄉漢本沙灘防風林躲藏，在案發二個半小時後被查獲，警方查扣疑為兇器的折疊小刀，檢察官依攜帶兇器強盜未遂罪起訴。邱男有毒品等多項前科，目前無業，犯後坦承不諱，宜蘭地方法院審理期間，他供稱折疊小刀放在車上防身使用，下車作案時並未帶下車，宜蘭地院合議庭審酌相關事證，無證據證明邱男持刀犯案，變更起訴法條，改以強盜未遂罪處刑，判處有期徒刑三年十月，扣案的偽造車牌沒收。可上訴。邱姓搶匪失手後開車到南澳鄉漢本沙灘防風林躲藏，被警方查獲。 （讀者提供）黃姓女千金6月5日攜帶裝有6百萬元金飾的兩個行李箱，差點被搶走。 （讀者提供）熱門賽事、球星動態不漏接    ",https://news.ltn.com.tw/news/society/paper/1734218
盜獵集團獵石虎、宰流浪貓販售當野味╱囂張移工 竟持獵槍瞄準員警,社會,2025/12/01 05:30,越南籍逃逸范姓移工，自製獵槍捕殺流浪貓、石虎非法買賣被判刑。（警方提供）越南籍逃逸移工潘克協、范文強，為了賺錢不但殘忍宰殺流浪貓剝皮，還持自製獵槍獵殺保育類石虎，潘男今年六月遇警方拘提時，竟囂張持獵槍瞄準員警，隔天仍被捕羈押。台中地院近日依非法買賣保育類野生動物等兩罪判范男八月、四月徒刑，潘男判決尚未出爐，仍羈押中。范男兩罪判刑 潘男羈押中 檢警調查，以越南籍失聯移工潘克協為首的盜獵集團，找來范文強、阮姓同鄉犯案，范、阮二人在今年五月底就被檢警逮捕，檢方複訊後，施以科技監控。今年六月警方持搜索票到台中市新社區拘提潘男，不料潘男竟持獵槍瞄準、恐嚇員警，趁員警閃避時逃逸，警方隔天荷槍實彈將他拘捕到案。請繼續往下閱讀...經查，潘男二〇二〇年十月起就失聯，卻以自製獵槍在山區獵殺野生動物，再交由范嫌、阮嫌對外販售，今年三月，潘男宰殺流浪貓，並與人相約在台中麗寶樂園附近以一千五百元，交易已脫去皮毛的流浪貓屍體。接著，今年四月十九日在不詳地點，潘男持自製獵槍，獵殺一隻保育類石虎，以臉書詢問買家，最後以三千元成交，總計獲利四千五百元。范男坦承有協助潘男尋找買家交易，進而取得五百元車馬費，女友阮女並協助翻譯。因警方逮捕潘男時，同時發現山羊肉、穿山甲鱗片等動物的遺骸，研判該集團不是針對石虎盜獵，而是見到的野生動物都獵殺，不分種類，目的是賣給越南同鄉等人當野味吃。台中地院審理後認為，石虎為珍貴稀有保育類動物，范男罔顧動物生命，非法宰殺販售，依違反動保法非法宰殺動物罪，處有期徒刑四月，併科罰金新台幣五萬元，非法買賣保育類野生動物罪，則處有期徒刑八月，可上訴。熱門賽事、球星動態不漏接    ,https://news.ltn.com.tw/news/society/paper/1734220
600萬金飾搶案有「報馬仔」 續追是否有共犯,社會,2025/12/01 05:30,"黃姓女千金6月5日攜帶裝有6百萬元金飾的兩個行李箱，差點被搶走。 （讀者提供）桃園市一家黃金加工廠黃姓女千金，攜帶六百萬元金飾到宜蘭鋪貨，被不相識的男子邱鉦恩掌握行蹤，邱男從桃園開車尾隨黃女到宜蘭行搶，過程疑點重重，檢警查出一名許姓男子涉嫌扮演「報馬仔」通風報信，已另外分案偵辦，持續追查是否有共犯。據了解，此案被害人黃姓女子的家族，在桃園市經營黃金加工廠，六月五日案發當天，她開車搭載李姓男友到宜蘭市新民路某銀樓鋪貨，因銀樓所在位置不好停車，便將車子停在附近路口，她獨自下車拖著二個裝金飾的行李箱前往店家，男友則在車上等候，不料，黃女拖著行李箱在路上行走時，遭沿路跟蹤的邱男駕駛BMW衝撞，差點搶走裝滿金飾的一個行李箱。請繼續往下閱讀...邱男並不認識黃姓女千金，為何得知她宜蘭鋪貨行程及行李箱內裝有金飾？並選在單獨下車拖著行李箱行走時間點犯案？檢警專案小組抽絲剝繭，邱男坦承透過一名許姓男子掌握黃女及其黃金加工廠的近況。邱男被宜蘭地檢署起訴後，宜蘭地院處以有期徒刑三年十月，檢察官另案偵辦提供訊息的許男是否涉案，宜檢以偵查不公開為由，未透露目前偵辦相關細節。熱門賽事、球星動態不漏接    ",https://news.ltn.com.tw/news/society/paper/1734219
偷親外籍女攻擊站長 北捷吻肩狼被保全壓制,社會,2025/12/01 05:30,廖男被保全員壓制在地。（記者王冠仁翻攝）廖姓男子搭乘台北捷運時，涉嫌在車廂內偷親一名外籍女乘客肩膀，女乘客嚇得當場哭了出來，熱心民眾隨即按下通話鈴求助，保全員待列車抵達台北車站月台時，將廖男壓制。雖然女乘客暫不追究離去，但廖被壓制時，一度因情緒失控揮手攻擊站長額頭，站長事後提告傷害，警方近期將再傳喚他到案。台北市警局捷運警察隊在前天深夜十時廿八分接獲通報，站務人員聲稱，車廂中有一名男子，涉嫌在搭車時亂親另名外籍女乘客左肩膀。請繼續往下閱讀...警方調查，廖姓男子當時搭乘捷運淡水信義線，列車快抵達台北車站時，他在車廂內靠近一名外籍女乘客身後，趁對方不注意偷偷親吻其左肩膀。女乘客發現遇上變態，嚇得哭了出來，其他乘客按下車廂內對講機求助；保全員與站長隨即在列車抵達台北車站後，將想逃離現場的廖男攔下。不過，廖疑惱羞成怒，情緒失控，期間不斷亂揮拳，拳頭因此打中站長左前額；保全見他出現脫序行為，將他壓制在地。捷警趕到現場，這時女乘客表示因為趕時間，暫時不想追究而離去，警方立刻追上去告知相關權利。由於女乘客當下沒表明要提告，警方只好讓廖男離去，但被他揮拳打中額頭的站長，事後越想越氣，於是到轄區派出所提告傷害，警方近期將再次傳喚廖到案。熱門賽事、球星動態不漏接    ,https://news.ltn.com.tw/news/society/paper/1734221
搶劫黃金加工廠千金600萬金飾 BMW男判刑3年10月,社會,2025/11/30 23:55,桃園市黃金加工廠黃姓女千金（左紅圈）6月5日到宜蘭鋪貨，邱姓男子（右紅圈）駕駛BMW製造假車禍，意圖行搶裝有金飾的行李箱。（圖由讀者提供）桃園市黃金加工廠黃姓女千金，攜帶裝有600萬元金飾的2個行李箱到宜蘭鋪貨，遭23歲邱姓男子盯上，邱男駕駛BMW豪車一路尾隨，在宜蘭市鬧區製造假車禍意圖行搶，被見義勇為店家攔阻未能得逞，失手逃逸後落網。一審法官認定邱男犯強盜未遂罪，處有期徒刑3年10月。判決指出，被告邱姓男子透過許姓男子（另由宜蘭地檢署檢察官簽分偵辦）得知桃園市一家公司旗下有間黃金加工廠，竟心生歹念，基於強盜及行使偽造準特種文書犯意，今年初上網購買偽造車牌，再向不知情友人借來一輛自小客車（即BMW），將小客車改掛偽造車牌，駕車到這家黃金加工廠附近觀察相關作息。請繼續往下閱讀...6月5日上午11點，邱男見到黃姓女千金攜帶2個行李箱離開黃金加工廠，便開車尾隨黃女搭乘的車輛，一路從桃園跟到宜蘭，行李箱內裝439份手鍊、239份耳環，總重40到50兩，價值約600萬元黃金加工飾品。當天下午1點46分，黃女在宜蘭市新民路下車，獨自拖著2個行李箱步行前往某銀樓途中，邱男駕駛BMW撞倒黃女，隨即下車搶奪她所攜帶的1個行李箱，黃女起身抵抗，被打了好幾拳，身上多處擦挫傷，所幸當地店家上前攔阻，協助奪回行李箱，邱男匆忙駕車逃逸。邱男失手後開車到距離案發現場60多公里外的南澳鄉漢本沙灘防風林躲藏，在案發2個半小時後被查獲，警方查扣疑為兇器的折疊小刀，檢察官依攜帶兇器強盜未遂罪起訴。邱男有毒品等多項前科，目前無業，犯後坦承不諱，宜蘭地方法院審理期間，他供稱折疊小刀放在車上防身使用，下車作案時並未帶下車，宜蘭地院合議庭審酌相關事證，無證據證明邱男持刀犯案，變更起訴法條，改以強盜未遂罪處刑，判處有期徒刑3年10月，扣案的偽造車牌沒收。可上訴。黃姓女千金不甘被搶，與邱男在宜蘭市新民路當街拉扯。（圖由讀者提供）邱男（中）失手後開車到南澳鄉漢本沙灘防風林躲藏，仍被警方查獲。（圖由讀者提供）黃姓女千金攜帶裝有600萬元金飾的2個行李箱到宜蘭鋪貨，差點被搶走。（圖由讀者提供）熱門賽事、球星動態不漏接    ,https://news.ltn.com.tw/news/society/breakingnews/5263352
新竹城隍廟前聚眾砍傷少年 檢聲押禁見2男,社會,2025/11/30 23:30,29日晚上在新竹城隍廟連家阿婆米粉攤發生聚眾砍人，導致少年被砍到臟器外露，竹檢今（30日）晚漏夜以涉犯重罪且有逃亡串證、湮滅證據之虞，向院方聲押禁見涉案主嫌陳姓和林姓男子。（記者洪美秀攝）針對昨天晚上在新竹城隍廟連家阿婆米粉攤發生聚眾砍人，導致少年被砍到臟器外露，竹檢今晚漏夜以涉犯重罪且有逃亡串證、湮滅證據之虞，向院方聲押禁見涉案主嫌陳姓和林姓男子。新竹地檢署表示，案發當天內勤檢察官陳芊伃與警方成立專案小組共同偵辦。警方於今天（30日）凌晨循線逕行拘提行兇的陳姓兄弟、林姓男子3人，以及同案少年1人到案。請繼續往下閱讀...陳男和林男2人經檢察官訊問後，認都涉犯兒少法、刑法之「成年人與少年故意對少年犯意圖供行使之用而攜帶兇器在公共場所聚集3人以上實施強暴因而致生公眾危險」、「成年人故意對少年犯殺人未遂」等罪且嫌疑重大，有逃亡、串證、滅證之虞，向新竹地方法院法官聲請羈押禁見；至於在場「助勢」的陳男兄弟則獲交保6萬元並限制住居。檢警調查發現，全案疑因被害人積欠陳姓主嫌女友1萬元而引發陳男心生不滿，進而糾集其他7人，分乘紅色馬3及白色豐田2部自小客車前往討債，於商討期間雙方一言不合，由陳男夥同林男、范姓少年等先徒手毆打被害少年，陳男再持預藏刀子砍傷被害少年身體多處後，導致少年臟器外露，8人見狀隨即駕車逃逸。檢方強調，對於任何足以危害公共秩序之暴力案件，均秉持「速辦、嚴辦、溯源究責」原則，務求釐清案件真相，貫徹防制暴力犯罪之執法作為，確保民眾生命財產安全，以維社會安寧。熱門賽事、球星動態不漏接    ,https://news.ltn.com.tw/news/society/breakingnews/5263350
台南城西掩埋場20公尺高垃圾山大火 消防全力灌救僅餘殘火,社會,2025/11/30 22:30,台南安南區高約20公尺的城西掩埋場垃圾山，30日晚間近8點許冒出大火，消防人員趕往灌救滅火。（民眾提供）繼日前台南白河區烏樹林廢棄物暫置場發生大火後，今天晚間7點多，南市消防局119獲報，安南區城西垃圾焚化爐旁的垃圾掩埋場失火，轄區消防分隊趕抵，見約20公尺（近7層樓）高的垃圾山火勢極大，相繼派出25輛各式救災車與數十名警消、無人機與消防機器人前往救災。轄區土城消防分隊人車先抵達、發現第三垃圾掩埋場的垃圾山高約20公尺，燃燒火勢相當大，請求消防局119增派水車、無人空拍機、消防機器人前往協助救災；消防局也請環保局增派水車與重機具到場支援滅火，並請環保局通報有空污警報。請繼續往下閱讀...直到晚間8點50幾分，消防局六大隊回報稱初步對火場有阻隔、控制火勢燃燒範圍，救災人員持續射水滅火中。台南市長黃偉哲於晚間9點趕到現場、瞭解災況並指示消防人員全力灌救；消防局長李明峯表示，經全力滅火，迄晚間10點許已撲滅火勢、進行殘火處理。轄區消防分隊趕抵，見約20公尺高的垃圾山火勢極大，相繼派出25輛各式救災車與數十名警消、無人機與消防機器人前往救災。（民眾提供）熱門賽事、球星動態不漏接    ,https://news.ltn.com.tw/news/society/breakingnews/5263299
夜店大亨夏天倫停車場遭伏擊 松山警逮1嫌起獲刀、辣椒水,社會,2025/11/30 21:31,有「夜店大亨」之稱的夏天倫，今天下午與女友去民生東路三段一棟商辦大樓健身房，傍晚要從地下停車場開車離去，突遭人襲擊，救護車到場將人送醫。（記者姚岳宏翻攝）有「夜店大亨」之稱的夏天倫，今天下午與女友去民生東路三段一棟商辦大樓健身房，傍晚正要從地下停車場開車離去，突遭人襲擊，至少有兩2男子行凶，疑似預先埋伏，待夏天倫出現後，隨即上前持辣椒水及利器襲擊，行凶後駕車逃逸。目前警方已逮1嫌，正釐清相關案情。據知，夏天倫左手臂被劃傷，手、眼部均有腫脹，同行女子眼部瘀腫，2人送醫救治，暫無生命危險；2人皆稱未能看清犯嫌樣貌，並說近期未與人結怨，不知為何遭攻擊。請繼續往下閱讀...松山分局民有派出所傍晚6時許接獲報案，夏男在民生東路三段某停車場準備駕車離去時，遭數名歹徒攻擊，警方獲報趕赴現場，初步了解夏男遭利器及辣椒水攻擊，目前已送往馬偕醫院。警方調閱周邊監視器，掌握現場涉案人員特徵與行蹤，迅速將其中1名犯嫌帶回調查，並查扣刀1把、鐵棍1支及辣椒水2罐，警方將持續釐清案情並追查其餘共犯。有「貴婦版大S」之稱的名媛黃廉盈2021年離婚，當時夏天倫指黃廉盈偷2名女兒的紅包，還要當時仍掛著夫姓的「夏黃廉盈」把夫姓拿掉、指她不配姓「夏」。夏天倫日前開記者會澄清與前妻訴訟糾紛始末，今就傳出遭人設伏攻擊。北市松山分局已逮1嫌，正釐清相關案情。（記者姚岳宏翻攝）熱門賽事、球星動態不漏接    ,https://news.ltn.com.tw/news/society/breakingnews/5263300
自由觀點》癱瘓憲法法庭最後一道防線 國民黨還敢稱「惡法亦法」？,社會,2025/11/30 20:00,熱門賽事、球星動態不漏接    ,https://news.ltn.com.tw/news/society/breakingnews/5261471
山區風大霧雨！新北退休校長登玉山失聯 高雄警消陸空擴大搜救,社會,2025/11/30 19:35,高雄消防局擴大陸空搜救。（市府提供）新北市郭姓退休校長挑戰玉山後四峰失聯，今天山區天氣狀況變差，高雄市消防局再出動11人，搭配無人機空中搜尋，兵分兩路擴大陸空搜救。新北市62歲郭姓退休校長與友人共7人，攀爬山岳要挑戰玉山後四峰，從東小南山往鹿山前往玉山南峰途中，隊友發現郭男落後未跟上，一行人退回圓峰山屋等郭男，卻未見蹤影，不料從此失聯，趕緊通報搜救。請繼續往下閱讀...高雄市消防局11月28日凌晨獲報，集結玉管處、保七警員等組成搜救小組，前2日共出動19名搜救人員，搭乘直升機上山搜救，今天再出動11人，累計已達30名搜救人員，兵分兩路擴大搜救。消防局第六大隊表示，鎖定郭男隊友最後一次與郭男會面鹿山2.7公里處，以及郭男手機定位點玉山東小南山附近，搭配無人機空中搜尋，一度發現可疑點，搜救人員以繩索垂降，下切山谷搜尋，迄今仍無所獲。第六大隊說，山區今天風大、霧雨，天氣狀況變差，能見度不佳，增加搜救困難，也擔心郭男狀況，持續增派人力挺進搜救。高雄消防局擴大陸空搜救。（市府提供）高雄消防局擴大陸空搜救。（市府提供）熱門賽事、球星動態不漏接    ,https://news.ltn.com.tw/news/society/breakingnews/5263256
台北通緝犯遇盤查拔腿逃 友護航竟出拳毆警 2人被壓制就逮,社會,2025/11/30 18:54,21歲何男被警方盤查時突拔腿狂奔，仍被追上前的員警壓制逮捕。（記者陸運鋒翻攝）通緝犯何姓男子今天清晨與4名友人飲酒完後，在台北市東區街頭閒晃，警方見其中2人行跡鬼祟、神情緊張便上前盤查，過程中，何男突拔腿狂奔，仍被員警壓制逮捕，但另名何姓男子竟出拳攻擊員警，隨後被支援警力壓制逮捕，詢後將2人送辦。大安警分局調查，敦化南路派出所翁姓、張姓員警，今晨5時許巡邏至敦化南路一帶，見2名男子行跡鬼祟、神情緊張於是上前盤查，過程中，張員發現21歲何男在10月23日，就被士林地方法院發布傷害通緝，但準備逮捕時，何男竟然拔腿狂奔，而張員追捕時左手、膝蓋挫傷，仍負傷將何男逮捕，同時通報支援警力到場協助。請繼續往下閱讀...不過，就在2名員警返回盤查其餘4人時，另名25歲何男不滿友人被帶走，竟出拳推打翁員，導致翁員左手小指、中指擦傷，隨後被支援警力壓制逮捕，警詢後將21歲何男解送士林地院偵辦，25歲何男則依傷害、妨害公務罪移送台北地檢署偵辦。警方呼籲，員警依法執行公務，絕不允許民眾以任何方式妨害警方執法，警方必將全力捍衛執法之尊嚴。☆飲酒過量  有害健康  禁止酒駕☆25歲何男不滿友人被帶走，竟出拳推打翁員，導致翁員左手小指、中指擦傷。（記者陸運鋒翻攝）熱門賽事、球星動態不漏接    ,https://news.ltn.com.tw/news/society/breakingnews/5263226
獨家》坪林農場員工上山修水管失聯1夜 警消溪谷尋獲救命,社會,2025/11/30 18:10,新北市警察局瑞芳分局昨傍晚接獲報案，1名農場員工上山維修水源管線失聯，與消防局共組搜救隊上山搜尋未果，今在農場後山溪谷中，發現失聯的林姓男子。（記者吳昇儒翻攝）新北市警察局瑞芳分局昨日傍晚5時許，接獲坪林農場主管報案指出，場內1名員工上山維修水源管線失聯，擔心發生危險，請求協助。警方立刻通知消防局共組搜救隊上山搜尋，直至深夜9時仍未發現，與家屬溝通後，決定今日再次搜救。所幸今日上午9時許，在農場後山溪谷中，發現失聯的林姓員工，趕緊將他送往醫院救治，保住一命。警方昨日接獲報案後，立刻通知消防局請其派員協助搜救，但因天色昏暗，直至晚間9時許，未能發現林姓員工蹤跡。與家屬討論後，決定今日上午天色明亮後，再進行二次搜救。請繼續往下閱讀...警、消今日上午共出動近60人，進入農場後山進行搜救，8時36分發現疑似有人影在溪谷中，靠近查看，確認為失聯的林姓員工，趕緊召集人手將其搬運下山。初步檢視，60歲林男意識模糊，頭部擦傷，眼窩受傷，因查詢管線時不慎跌倒，所幸送醫救治後，暫無生命危險。消防隊員合力將林男搬運下山送醫搶救。（記者吳昇儒翻攝）熱門賽事、球星動態不漏接    ,https://news.ltn.com.tw/news/society/breakingnews/5263193
女訴苦遭性侵 友揪眾對疑犯動私刑上狗鍊逼學狗爬,社會,2025/11/30 18:08,陳姓男子聽聞女性友人訴說遭黃姓男子性侵，即揪眾對黃男動私刑毆打、逼學狗爬，陳男等五名被告分被台南地院判八月到六月徒刑，且不得易科罰金。（資料照，記者王俊忠攝）陳姓、郭姓男子聽到1名女性友人訴苦說遭到黃姓男子性侵，陳找來另4名男子，6人聯手將黃男押上車、帶到台南關廟區1處納骨塔對黃男上狗鍊、狗項圈，徒手及持棍棒毆打，還逼黃男學狗爬，直到黃找人擔保才讓他離去。台南地院依凌虐妨害自由罪對陳判刑8月、郭等4名共犯均判刑6月，都不得易科罰金。判決指出，1名女子提告指遭黃姓男子性侵（檢方偵辦中），受害女不甘受辱、向陳姓、郭姓男子訴苦，陳即聯絡李姓、方姓等4名男子，並讓受害女連絡約黃男於今年1月14日晚間10點多在台南關廟區1家釣蝦場見面。請繼續往下閱讀...陳、郭等人駕車（A車）先在1家五金百貨賣場買尼龍束帶、狗項圈、狗鍊及膠帶等物，再前往關廟區釣蝦場赴約；陳的李姓友人開車（B車）載方姓等3人前往。黃男則由1名劉姓友人駕車（C車）載到釣蝦場。陳男見黃男現身、即徒手及拿棍棒毆打黃男，陳等一方人馬將黃男押入李男的B車後座，由陳男一方2人控制黃男。方男要求黃男的劉姓友人改坐在C車副駕駛座，由方男駕駛C車，於同日深夜近11點許把黃男押到關廟區納骨塔。A、B、C等3車抵達納骨塔後，陳男先命黃男脫去衣物，由陳將事先購買的狗鍊、狗項圈套在黃男頸部，並以狗鍊控制黃的行動，要求黃學狗爬行。陳、郭再以腳踹打黃男，方男把黃男壓制在地，致黃受有頭部鈍傷合併微量腦出血、左眼鈍傷、四肢多處擦挫傷及背部鈍傷等傷害。受到凌虐的黃男打電話請友人幫忙擔保，陳等人才釋放黃男。受傷的黃男由劉姓友人開車載到醫院急診就醫，並向警方報案查辦陳嫌等5名共犯；女子與方男則另案審理。法官表示，陳等5名被告均坦承犯行、有悔意，表示有意和解並賠償，但被害的黃男經通知均未到庭，以致未能達成和解。考量陳男居本案主導地位、發號施令並下手毆打，判刑8月、併科罰金6萬元；郭男判刑6月、併科罰金9萬元；其他3名被告各判刑6月、併科罰金3萬元，還可上訴。熱門賽事、球星動態不漏接    ,https://news.ltn.com.tw/news/society/breakingnews/5263190
花蓮女子遭詐500萬 車手面交當場被逮,社會,2025/11/30 17:56,花蓮陳姓女子誤信假投資遭詐騙500多萬，花蓮警方逮捕面交取款的女車手。（警方提供）花蓮48歲陳姓女子誤信詐騙集團假投資訊息，以投資虛擬貨幣為由，陸續用轉帳、面交、付虛擬貨幣等方式交付共500多萬元，突然發現自己遭詐騙報警，警方在約定取款的地方埋伏，當場逮捕21歲鄭姓女車手，並起獲點鈔機、客戶聲明書等，訊後依詐欺罪嫌移送花蓮地檢察署偵辦。花蓮縣警察局花蓮分局今指出，日前接獲報案，陳姓女子先前因誤信詐欺集團以投資虛擬貨幣為由，在台北市、花蓮市等地，多次以網路轉帳、面交、交付虛擬貨幣等方式交付遭詐款項，總計遭詐騙金額約500多萬元；花蓮分局立即組成專案小組，在被害人與車手再次面交交付現金之際，當場成功逮捕鄭姓女車手。請繼續往下閱讀...據了解，21歲鄭姓女子當天從台南開了5個小時車到達花蓮，與被害陳女在中華路上面交現金70萬元現金，警方見鄭女把車臨停在路旁，警方擔心陳女若上車被開車帶走，緊急開車把鄭女車阻擋住，鄭女否認是車手，還要求叫律師到場，警方依法在車上搜索，起獲點鈔機、客戶聲明書、手機等相關證物。花蓮分局呼籲，民眾切勿輕信來源不明的投資訊息與高獲利保證，更不要將帳戶、金錢或個人資料交付他人操作。凡涉及「保證獲利」、「專人帶操」、「高回報投資平台」，皆極可能是詐騙陷阱。若遇可疑情況，請立即撥打 165 反詐騙專線或向就近警察機關諮詢，以守護自身財產安全。警方也將持續強化查緝能量，全力打擊詐騙犯罪。花蓮陳姓女子誤信假投資遭詐騙500多萬，花蓮警方逮捕面交取款的女車手。（警方提供）熱門賽事、球星動態不漏接    ,https://news.ltn.com.tw/news/society/breakingnews/5263160
朱學恒強吻鍾沛君坐牢 表現良好明天提前出獄,社會,2025/11/30 17:38,朱學恒今年1月24日主動提前報到入獄服刑，預計將於明日出獄。（記者吳昇儒攝）名嘴朱學恒2022年8月6日邀約台北市議員鍾沛君到台北市某餐廳餐敘時，連續強吻女方2次。一審法官判依強制猥褻罪判處朱學恒有期徒刑1年2月，二審改判11月徒刑定讞。朱學恒今年1月24日主動提前報到入獄服刑，因其在台北監獄內表現良好，獲得縮刑，預計將於明日出獄。朱學恒被控於2022年間與鍾沛君餐敘時，以雙手強押期肩膀，並強行親吻其嘴唇。隨後再度起身走向鍾二次強吻她的嘴唇。台北地檢署調查後，認定朱連續2次強制猥褻得逞，依強制猥褻罪將他起訴。一審判朱有期徒刑1年2月，二審改判11月徒刑，因檢方與被告均未上訴，因而定讞。請繼續往下閱讀...台北地檢署原通知朱學恒今年2月4日入監，但他選擇提前到執行科報到，入獄服刑。因其在獄中表現良好，獲得縮刑，將於12月1日出獄。另針對該案，鍾沛君也提起民事求償，一審判朱學恒賠償35萬元，朱男雖不服上訴，但被高等法院駁回確定。熱門賽事、球星動態不漏接    ,https://news.ltn.com.tw/news/society/breakingnews/5263172
和平馬崙新山線步道遇上虎頭蜂 6山友被螫5人送醫,社會,2025/11/30 17:31,8名山友至台中市和平區馬崙新山線步道登山，途中遭遇虎頭蜂攻擊。（民眾提供）8人登山團體今天到台中市和平區馬崙新山線步道登山，途中遇到虎頭蜂群，6人被螫傷急送醫，有人頭部和手腳多處被螫傷，消防隊員發現蜂巢位於步道涼亭處，已通報林業及自然保育署台中分署等相關單位處理中。衛生福利部豐原醫院表示，有5名患者到院後接受傷口換藥、注射破傷風疫苗、抗過敏藥物，目前皆已出院。今天上午10時40分，台中市消防局獲報和平區馬崙新山線步道4.5k涼亭處有人受傷需救護，派遣轄區谷關分隊等共4個單位，出動各式消防車6輛、消防人員12名，由小隊長陳彥良擔任指揮官前往救護。請繼續往下閱讀...據了解，8名山友到馬崙新山線步道登山，其中6人遭虎頭蜂群螫傷，消防隊員上午11時27分從登山口起登，12時32分接觸傷患，經檢傷，6名傷患均為男性，遭蜂螫傷後意識清醒，其中5人被送往豐原醫院，1名傷患拒絕送醫。現場蜂巢位於涼亭附近，消防局已通知林業及自然保育署台中分署麗陽工作站派員前往處理。6名傷患均為男性，遭蜂螫傷後意識清醒。（民眾提供）患者背部遭虎頭蜂螫傷，被送往豐原醫院。（民眾提供）熱門賽事、球星動態不漏接    ,https://news.ltn.com.tw/news/society/breakingnews/5263142
砂石車幾乎對撞！花蓮馬太鞍溪橋車禍 車頭壓扁駕駛挫傷,社會,2025/11/30 17:18,上午載滿砂石的聯結車行經疏濬臨時道路下坡時，疑因道路坑洞多，車輛不慎側傾與對向車輛碰撞。（民眾提供）砂石車車頭直接被壓扁。（民眾提供）救難人員使用油壓剪破壞車輛救人。（民眾提供）花蓮923洪災後馬太鞍溪進行疏濬工作，今天上午1輛載滿砂石的聯結車行經疏濬臨時道路下坡時，疑因道路坑洞多車輛不慎側傾與對向碰撞後，車頭直接被壓扁，潘姓駕駛受困其中，經救難人員使用油壓剪破壞救出後，所幸僅身上多處擦挫傷，無生命危險，後送醫院治療，詳細肇因仍待警方釐清。花蓮縣消防局指出，今天上午近11點接獲報案，位於馬太鞍溪北側堤防道路發生車禍駕駛受困車內，立即派遣萬榮、光復及鳳林分隊前往救援，聯結車駕駛受困車內、意識清楚，利用油壓破壞器材配合怪手將患者脫困，後續由萬榮91送往鳳林榮民醫院救治，現場員警處理後續相關事宜。花蓮馬太鞍溪堰塞湖9月23日潰決後，下游淤積大量土砂墊高河床，水利署目前投入疏濬工程，警方指出，今天上午10時28分許，馬太鞍溪橋北端砂石疏濬道卻發生2輛營業用聯結車擦撞事故，警方獲報後迅速到場處理。經查，事故路段為河川疏濬工程工區救災及砂石運輸專用道路，僅供工程車輛通行，潘姓男子當時駕駛曳引車，滿載砂石由南往北沿砂石疏濬道下坡行駛，疑因車輛太重車身偏移，不慎在會車時撞上對向車輛。警方表示，2位駕駛人實施酒精濃度檢測均無酒精反應，排除酒駕肇事，不過詳細事故原因仍待進一步調查釐清，同時分局已通報權責單位與承商，確實要求所屬車輛加強行車安全管理，行車下坡時務必減速、禮讓、保持安全距離，並隨時注意對向來車，避免類似事故再次發生。潘姓駕駛受困在變形的車頭中。（民眾提供）潘姓駕駛受困在變形的車頭中。（民眾提供）受困的潘姓駕駛被救出。（民眾提供）熱門賽事、球星動態不漏接    ,https://news.ltn.com.tw/news/society/breakingnews/5263128
直直撞！台61麥寮段休旅車狠插防撞車 22歲男OHCA搶救,社會,2025/11/30 16:22,台61線麥寮段今（30日）下午發生車禍，駕駛休旅車的張男直撞工程防撞車車尾後，受困車內失去生命跡象，已送院急救。（民眾提供）台61線西濱快速道路雲林麥寮路段發生車禍，今（30）日下午1點56分，22歲張男駕駛白色休旅車，疑似未注意前方工程防撞車，直直從後方追撞，導致休旅車凹陷嚴重，張男受困車內，經救護人員馳援救出，但已失去生命跡象，緊急送往雲林長庚醫院救治，至於詳細原因仍有待警方釐清。雲林縣消防局下午1點56分左右獲報，指麥寮鄉台61線南下218公里處發生休旅車追撞事故，立即派遣北五11、91共2車5人前往搶救。請繼續往下閱讀...救護人員不到10分鐘抵達事故現場，發現1輛白色休旅車頭狠狠插進工程防撞車，工程車尾翹起，休旅車頭則凹陷嚴重，22歲張男受困車內、動彈不得。經10分鐘搶救，順利將胸口骨折、已失去生命跡象的張男緊急送往雲林長庚醫院救治。警方表示，詳細事故原因仍有待調查釐清，呼籲民眾行車應遵守交通規則，依標誌、標線號誌指示行駛、保持安全車距、切勿疲勞駕駛，並注意往來人車，避免發生交通事故。熱門賽事、球星動態不漏接    ,https://news.ltn.com.tw/news/society/breakingnews/5263071
移工獵殺石虎、流浪貓當野味  遇逮竟囂張持獵槍瞄準員警,社會,2025/11/30 15:38,越南籍潘姓、范姓移工，自製獵槍捕殺流浪貓、石虎，台中地院依非法買賣保育類野生動物等罪，判范男8月、4月徒刑，潘男判決尚未出爐，仍在押。（警方提供）越南籍潘姓、范姓逃逸移工，為了賺錢不但宰殺流浪貓剝皮，還持自製獵槍獵殺保育類石虎，潘男今年6月遇警方拘提時，還囂張持獵槍瞄準員警，隔天仍被捕羈押。台中地院近日依非法買賣保育類野生動物等2罪判范男8月、4月徒刑，潘男判決尚未出爐，仍在押。檢警調查，以越南籍潘姓失聯移工為首的盜獵集團，找來范姓、阮姓同鄉犯案，2人在今年5月底就被檢警逮捕，檢方複訊後，施以科技監控。今年6月警方持搜索票到台中市新社區拘提潘男，不料囂張的潘男竟持獵槍瞄準、恐嚇員警，趁員警閃避時逃逸，警方隔天荷槍實彈將他拘捕到案，請繼續往下閱讀...經查，潘男2020年10月起就失聯，卻以自製獵槍在山區獵殺野生動物，再交由范嫌、阮嫌對外販售，今年3月左右，潘男以不詳方式宰殺流浪貓，與人相約在麗寶樂園附近以1500元交易，交付已去皮毛的流浪貓屍體。接著，今年4月19日在不詳地點，潘男持自製獵槍，獵殺1隻保育類石虎，以臉書詢問買家，最後以3千元成交，總計獲利4500元。范男坦承有協助潘男尋找買家交易，進而取得500元車馬費，女友阮女有協助翻譯。因警方逮捕潘男時，同時發現山羊肉、穿山甲鱗片等動物遺骸，研判該集團不是針對石虎盜獵，而是見到的野生動物都獵殺，不分種類，目的是賣給越南同鄉等人吃肉、吃野味。台中地院審理後認為，石虎為珍貴稀有保育類動物，范男罔顧動物生命，非法宰殺販售，依違反動保法非法宰殺動物罪，處有期徒刑4月，併科罰金新台幣5萬元，非法買賣保育類野生動物罪，則處有期徒刑8月，可上訴。熱門賽事、球星動態不漏接    ,https://news.ltn.com.tw/news/society/breakingnews/5263028
父為女出氣持鐵鏟毆前男友 法官判拘30日,社會,2025/11/30 15:23,新北地院近日審結，認定李男觸犯傷害罪，判處拘役30日，得易科罰金3萬元。（記者吳昇儒攝）新北市一名李姓男子因不滿女兒與黃姓前男友有感情及金錢糾紛，對黃男非常不滿，去年10月18日下午，在某工地內看見黃男後，便用鐵鏟毆打對方腿部。黃男因腿部挫傷，對李男提出傷害告訴。新北地院近日審結，認定李男觸犯傷害罪，判處拘役30日，得易科罰金3萬元。檢警調查，黃男原與李男女兒交往，但卻衍生出不少感情及金錢糾紛，案發當時，李男看見對方後，先拿鐵鏟朝黃男丟擲；接著又拿起鐵鏟毆打對方腿部，另也拿木棍恫嚇黃，使其心生畏懼。請繼續往下閱讀...黃男事後到醫院驗傷，經醫護人員檢查之後，確認其有雙大腿挫傷等傷勢，顯遭李男打傷。法官審理時，李男坦承犯行，表示因為黃男與女兒有金錢與感情糾紛，才會毆打對方。法官認為，李男未以理性和平手段解決紛爭，卻訴諸暴力傷害、恐嚇被害人，造成對方受傷；但考量李男為黃男前女友之父，是因女兒與其前男友間的感情及金錢糾紛，一時情緒激動而犯案，衡量傷者傷勢等情狀，依觸犯傷害罪，判處李男拘役30日，得易科罰金3萬元。熱門賽事、球星動態不漏接    ,https://news.ltn.com.tw/news/society/breakingnews/5263003
7旬翁騎機車國1逆向撞車身亡 家屬稱有高血壓失智病史,社會,2025/11/30 15:23,國道1號嘉義水上段今天凌晨發生死亡車禍，75歲王姓老翁騎機車與林姓男子駕駛的轎車發生撞擊，老翁機車卡在轎車下方，起火燒毀。（警方提供）國道1號北上272.3公里嘉義水上段今天凌晨3點42分發生死亡車禍，75歲王姓老翁騎機車逆向行駛在內側車道，與林姓男子駕駛的轎車發生撞擊，2車起火燃燒，王翁摔落在地當場死亡；檢警相驗，王翁全身多處骨折、嚴重創傷死亡，家屬稱他有高血壓及失智症病史，將再採檢體進行酒精鑑驗。王姓老翁居住在台南市新營區，不知何故騎機車外出，先誤闖台82線快速道路，接著轉入國道1號，原本順向行駛，但突然迴轉在內側車道逆向行駛，接著就與林男駕駛的轎車發生撞擊，機車卡在汽車下方，起火燒毀，王翁當場死亡，林男逃出並未受傷。請繼續往下閱讀...檢警相驗，家屬稱王翁有高血壓及失智症病史，相驗判斷死因為頭顱部鈍性創傷併燒灼傷，雙側肋骨及骨盆多處骨折，左上肢骨折併雙下肢開放性骨折，導致嚴重創傷死亡，死亡方式為意外，將採取檢體進行酒精鑑驗。75歲騎士半夜機車逆向上國道 嘉義段撞轎車起火身亡嘉義縣消防局人員進行滅火。（嘉義縣消防局提供）熱門賽事、球星動態不漏接    ,https://news.ltn.com.tw/news/society/breakingnews/5262991
嘉縣失智翁走失摔落嘉市溪邊 成功獲救,社會,2025/11/30 15:09,救援人員將墜落斜坡溪邊的羅翁救起。（嘉義市消防局提供）嘉義縣番路鄉罹患失智症的81歲羅姓老翁，昨天早上家屬發現他離家不見蹤影，四處尋找，通報警方協尋，嘉義縣救難協會人員昨晚起進行搜索，今天中午12點多在嘉義市大雅路旁產業道路發現墜落在斜坡下方溪邊的羅翁，通報嘉義市消防局協助，救援人員合力將羅翁救起，由救護車送醫救治。羅翁平時獨居，前晚仍在家，昨天早上家人回去探視時，發現他已不見蹤影，趕緊報警，經嘉義縣救難協會救援人員從昨晚到今天持續搜索，終於在嘉義市的產業道路斜坡下方溪邊發現羅翁。請繼續往下閱讀...嘉義市消防局獲報，由蘭潭分隊救護車、救助器材車前往救援，給予羅翁鋁箔包覆保暖，消防員使用繩索、籃式擔架等救助器材協助脫困，由救護人員實施生命徵象檢測，傷者意識清醒，低體溫，左手肢體擦傷，因長時間泡在水中，肢體循環不佳，給予口服葡萄糖粉，清洗傷口，止血包紮、保暖及心理支持等處置，送醫救治。嘉市消防局呼籲民眾為家中失智或高齡長者做好預防，包括配戴可辨識飾品、使用定位裝置、隨時備有最新照片、加強居家安全，並建立鄰里守望。如發現長者走失，立刻撥打110或119，並提供長者的最新照片、特徵及穿著與健康資訊，以利救援。救援人員給予羅翁保暖。（嘉義市消防局提供）救援人員將羅翁送醫救治。（嘉義市消防局提供）熱門賽事、球星動態不漏接    ,https://news.ltn.com.tw/news/society/breakingnews/5263010
小姊弟趁爸補眠溜出門迷途 暖警助返家,社會,2025/11/30 14:50,小姊弟趁爸補眠熟睡溜出門，迷途驚魂逾2小時、暖警助返家。（圖由警方提供）桃園市平鎮區1名施姓男子，因從事大夜班工作，昨（29）日白天在家補眠休息時，家中2名分為8歲、6歲小姊弟，下午4點許趁爸爸呼呼大睡一起溜出門玩耍，結果因天色漸暗迷失方向，呆立在路旁不知所措。所幸平鎮警分局宋屋派出所巡邏員警經過發現，因連繫不上家長，員警展開地毯式訪查，最後在社區保全協助下，順利將小姊弟平安送回家中。​宋屋派出所警員余政鋌及潘柔涵，29日傍晚擔服巡邏勤務，行經平鎮區復旦國小前，發現這對小姊弟神情慌張地站在路邊，員警見狀立即停下車輛上前關心。由於當時天色昏暗，2個孩子因為找不到回家的路，急得快哭出來，員警見狀趕緊安撫情緒，並先將孩子帶上警車暫時安置。請繼續往下閱讀...​員警耐心地詢問孩子，雖然2人能說出父親姓名及電話，但因無法清楚表達詳細住址，加上警方多次撥打家長電話均無人接聽，員警研判孩子應該住在附近，遂決定載著孩子在周邊巷弄展開「地毯式訪查」。幸運的是，當詢問至附近社區時，眼尖的警衛一眼認出2名孩童，表示平常都是由阿公帶去公園玩，並熱心協助警方引導至孩童住處。​當員警帶著孩子按鈴時，施姓父親睡眼惺忪地應門，看到警察帶著2個孩子站在門口，頓時嚇了一大跳。施父向警方表示，自己昨天白天剛上完大夜班，正在家中補眠，完全沒發現孩子趁他熟睡時自己開門跑出去玩。施父對於警方的熱心協助頻頻致謝，也對自己的疏忽感到懊悔。小姊弟趁爸補眠熟睡溜出門，迷途驚魂逾2小時、暖警助返家。（圖由警方提供）小姊弟趁爸補眠熟睡溜出門，迷途驚魂逾2小時、暖警助返家。（圖由警方提供）熱門賽事、球星動態不漏接    ,https://news.ltn.com.tw/news/society/breakingnews/5262978
分手後翻臉！男子誣告前女友冒名過戶名下機車 法官判3月刑,社會,2025/11/30 14:47,新北地院近日審結，依觸犯誣告罪，判處游男有期徒刑3月。（記者吳昇儒攝）新北市一名游姓男子與李姓女子交往期間，不慎將女友的機車撞毀。游男為了彌補，便把自己的行照、印章交付李女，將自己名下機車過戶給對方。兩人分手後，游男翻臉不認人，竟向警方宣稱李女冒名過戶，對其提告。事後查證游男所稱非實，李女反過來對前男友提誣告告訴。新北地院近日審結，依觸犯誣告罪，判處游男有期徒刑3個月。檢警調查，游、李二人原為同居情侶，兩人於2023年交往期間，游男騎乘李女名下機車，卻不慎將女友的機車撞毀。為了補償女友損失，隨即交付自己的機車行照、印章等過戶所需證件給對方。李女便於2023年2月9日將游男的機車過戶到自身名下。請繼續往下閱讀...兩人分手後，游男心生不滿，竟於過戶同年10月18日至蘆洲監理站撰寫「遭冒名過戶車輛轉請警察機關偵辦申請書」，請偵查機關追訴，更到新北地檢署提告。檢察官調查後發現，爭議機車是游男主動要過戶給李女，並無冒名過戶等情形，予以李女不起訴處分，李女則對前男友提出誣告告訴。檢察官偵訊時，游男自知理虧，承認與前女友分手後，心生不滿，為了報復，才會誣告對方冒名過戶。檢察官訊後，依法提起公訴。法官審理後認為，游男為滿足自己報復心理恣意誣告他人犯罪，不僅法治觀念薄弱，動機惡劣；考量他最終承認犯行，且需扶養雙親等狀況，判處有期徒刑3月。熱門賽事、球星動態不漏接    ,https://news.ltn.com.tw/news/society/breakingnews/5262975
命大！桃園深夜2福特轎車追撞大馬路側翻 毫髮未傷,社會,2025/11/30 14:34,桃園深夜兩福特轎車追撞，紅車大馬路側翻，駕駛毫髮未傷。（警方提供）桃園市中壢區中北路二段昨（29）日深夜發生兩輛同為福特轎車追撞的翻車事故，34歲黃姓男子駕駛紅色福特轎車自中北路往健行路方向直行，不慎擦撞停靠路邊的白色福特車輛後翻車，整輛車側躺在馬路中央，所幸無人受傷，黃男酒測值為0，詳細肇事原因尚待釐清。中壢警分局中壢交通中隊小隊長黃羣臺今日指出，昨日深夜11點許獲報，在中北路二段有交通事故發生，員警現場了解，34歲黃男駕駛紅色福特轎車沿中北路往健行路方向直行，行經中北路二段時，不明原因碰撞停靠在路邊的白色福特轎車，當下黃男的車翻覆，現場並無造成任何人員受傷。請繼續往下閱讀...中壢警分局長林鼎泰呼籲民眾夜間行車時更應提高警覺，隨時注意車前狀況，與鄰車及路邊車輛保持安全距離，行經無號誌或閃黃、閃紅燈路口更務必加強注意周遭狀況，降低車速，以確保自身與其他用路人安全。桃園深夜兩福特轎車追撞，紅車大馬路側翻，駕駛毫髮未傷。（警方提供）桃園深夜兩福特轎車追撞，紅車大馬路側翻，駕駛毫髮未傷。（警方提供）桃園深夜兩福特轎車追撞，白車停路邊衰被撞。（警方提供）熱門賽事、球星動態不漏接    ,https://news.ltn.com.tw/news/society/breakingnews/5262960
遭冒領普發現金？ 女誤信假檢察官遭騙走62萬元,社會,2025/11/30 14:33,警方提醒政府不會主動發簡訊或電子郵件通知領錢、登錄。（記者姚岳宏翻攝）普發1萬元自11月24日起陸續開放郵局臨櫃領現，詐騙集團假冒郵局人員，謊稱民眾1萬元已經被盜領或是有人代領，並好心代為報案，後有冒稱警察、檢察官等政府官員謊稱民眾涉及詐欺、洗錢等刑事案件，利用民眾害怕並想尋求協助心理，稱可幫忙處理普發1萬元案件，將存款領出即失聯。南部1位C姓女子接獲1位自稱台中英才郵局主任「李冠億」來電，詢問是否有委任1位「江羽華」的人來代領普發現金1萬元，女子表示沒有，對方主動代為報案，隨後，1位LINE暱稱「台中小陳」的警察來電，稱女子可能涉及到詐欺及洗錢防制法，並要將其案件交由LINE暱稱「林宏松」的檢察官來審核。請繼續往下閱讀...後來自稱檢察官的人來電，要求查看被害人名下的銀行戶頭並指示她將名下戶頭面交給1位地檢署派出的「官員」查扣，後因戶頭中62萬元被領光，導致無法生活並向朋友借錢，朋友告知這是詐騙，被害人始知遭詐而報警偵辦。刑事警察局呼籲，若有接到普發現金相關的電話或簡訊，千萬不要相信，若有幫忙代為領取或放大1萬元等相關資訊別理會，直接撥打165查證，至於普發現金如何領取，可上官方網站10000.gov.tw 查詢或撥打諮詢專線1988查詢。假警察要求被害人定期在群組內報到。（記者姚岳宏翻攝）詐騙集團假冒檢察官。（記者姚岳宏翻攝）熱門賽事、球星動態不漏接    ,https://news.ltn.com.tw/news/society/breakingnews/5262964
要債廣播「欠錢不還」被依擾亂安寧判罰鍰 法官駁回抗告,社會,2025/11/30 14:29,台中林姓男子和黃姓男子有債務糾紛，開小貨車廣播「欠錢不還」依違反社維法開罰，提出抗告仍被駁回。（記者陳建志攝）台中林姓男子和3名黃姓男子有債務糾紛，今年1、2月間，教唆黃姓、鄭姓男子，開著小貨車前往黃男的住處，用汽車音響重複播放「ＸＸ欠錢不還」、「欠錢不還天理難容」，不但影響黃姓民眾，也影響到附近鄰居的安寧，霧峰分局獲報依違反社會秩序維護法送辦，台中地院一審裁定林男1萬元、鄭男6千元、黃男3千元罰鍰，3人不服提出抗告，台中地院審理後裁定駁回。這名林姓男子與3名黃姓男子有債務糾紛，今年1、2月間，教唆黃姓、鄭姓男子，開著小貨車前往黃姓男子的住處，用汽車音響重複播放「ＸＸ欠錢不還」、「欠錢不還天理難容」、「欠錢還錢天經地義」，因太吵影響生活安寧，遭警方依違反社維法送辦，一審裁定林男1萬元、鄭男6千元、黃男3千元罰鍰，3人不服提出抗告，請繼續往下閱讀...3人辯稱，開小貨車來廣播，未阻礙一般民眾通行，亦未使週遭公共或交通秩序因此受到妨礙，是社會一般大眾所得容忍，應屬言論自由範疇。不過黃男表示，3人將車子停在其住處及隔壁藥局的中間，已經影響到隔壁藥局及附近店家做生意，導致客人不敢上門，滋擾附近居民的安寧，並影響機車出入自由，鄰居也跟他們說過年期間廣播，會打擾到嬰兒睡覺，拜託他不要廣播，不要吵到大家。台中地院法官認為，3人先後、密集、反覆、持續以汽車音響重複大聲廣播錄音方式，滋擾黃姓民眾，或以在車上綁白布條或張貼文宣方式討債，次數相當頻繁，以此方式逼債，已逾越一般社會大眾觀念所能容許的合理方式及範圍，而達滋擾安寧秩序程度。法官認為，林男與3人的債務糾紛，已經法院判決確定，本應循民事強制執行等合法方式索償，卻教唆鄭、黃等人以廣播等方式討債，故意影響該住戶及周遭民眾安寧秩序，屬社會秩序維護法所欲處罰禁止的「藉端滋擾」行為，認為裁處3人罰緩認事用法皆無不合，駁回抗告，不得再抗告。熱門賽事、球星動態不漏接    ,https://news.ltn.com.tw/news/society/breakingnews/5262923
騎士違規騎上人行道被開單 竟罵警「畜生」還吐口水 6千元飛了,社會,2025/11/30 14:10,台北地院近日偵結，認定張男觸犯妨害公務罪，判罰6千元。（記者吳昇儒攝）台北市一名張姓騎士去年5月7日中午，騎車行經民族東路時，因違規騎乘在人行道上，且安全帽扣環未繫緊，被警方攔下舉發。張男心生不滿，拒收告發單，離去時對著警員罵「畜生」還朝地面吐口水，被警方依妨害公務送辦。台北地院近日偵結，認定張男觸犯妨害公務罪，判罰6千元。檢警調查，張姓騎士於案發時違規在人行道上騎車，且未依規定扣好安全帽扣，被警攔查開單後不滿，竟依於辱罵之意，用言語攻擊執法員警。警方認為張男涉犯妨害公務罪，依法通知他到案說明。請繼續往下閱讀...張男到案後，向檢警辯稱當時並非要出言辱罵警員，而是罵自己畜生，氣憤自己不守規矩才被開單。檢察官不採信其理由，依妨害公務將他起訴。法院審理期間，張男改口，承認犯行。法官則認為，張男辱罵依法執行職務的警員，妨害國家公務順利進行，可見法治觀念淡薄，考量他最終承認犯行，態度尚可，且有悔意，判罰6千元，得易服勞役6日。熱門賽事、球星動態不漏接    ,https://news.ltn.com.tw/news/society/breakingnews/5262897
「6條通」通緝犯搭火車亂咆哮 引來警方逮正著,社會,2025/11/30 14:06,警方到車廂內與潘男溝通。（記者王冠仁翻攝）潘姓男子先前因為犯下毒品、竊盜傷害等案件，身背6條通緝，但是他在昨晚搭乘台鐵列車時，忽然情緒失控，在車廂內不斷大聲咆哮，其他乘客受不了只好通報，站務人員也隨即報警。警方最後上車將他勸離，事後一查他身分，發現他身背6條通緝，當場將他逮捕。警方調查，潘姓男子在昨天晚上7時50分時，搭乘台鐵1251車次區間車時，他不知為何忽然情緒失控，隨即在所搭乘的第10節車廂內胡亂大聲咆哮。其他乘客見他行徑怪異，隨即通報，台鐵人員也立刻報警。請繼續往下閱讀...鐵路警察局員警趁列車抵達台北車站時上車，但潘男情緒依舊相當激動、語無倫次，員警為了顧及其他旅客與列車安全，趁列車抵達板橋車站時，將他勸下車，同時也清查他身分，這時赫然發現他是通緝犯，員警隨即將他逮捕並解送歸案。警方將潘男解送歸案。（記者王冠仁翻攝）熱門賽事、球星動態不漏接    ,https://news.ltn.com.tw/news/society/breakingnews/5262921
台東成功港漁吊車翻覆 釀1死1傷,社會,2025/11/30 14:03,台東成功漁港吊車翻覆。（記者黃明堂翻攝）今（30）日上午11時24分，台東縣成功漁港近燈塔堤防處發生1起重大意外。1輛大型吊車在執行消波塊工程時翻覆，現場共有2名傷者，其中1人位於駕駛座已明顯死亡，另1名則腿部遭車體重壓，受困在車體與堤防中間，消防人員救出後送馬偕醫院，吊車後續起火，立即被撲滅。台東縣消防局表示，獲報後立即派遣成功、東河分隊及成功大隊共7車10人前往現場進行搶救。由於受困者的腿部被重壓，救援頗有難度，警消同仁利用油壓撐開器及軍刀鋸等專業破壞器材，配合現場其餘施工人員拆卸車體零件，終於在中午12時成功將46歲男性傷者救出，所幸傷者仍意識清楚、生命徵象穩定，由成功分隊救護車送往馬偕醫院接受進一步治療。請繼續往下閱讀...中午12時4分，成功大隊副大隊長沈煒翔回報，事故車輛突然起火燃燒。警消隨即佈設兩條水線，全力撲滅火勢，防止災害擴大，目前火勢已控制。車輛翻覆傾倒原因待施工及勞安單位後續調查。台東成功漁港吊車翻覆，消防人員救援。（記者黃明堂翻攝）台東成功漁港吊車翻覆。（記者黃明堂翻攝）熱門賽事、球星動態不漏接    ,https://news.ltn.com.tw/news/society/breakingnews/5262938
在北捷車廂偷親女乘客肩膀 「吻肩狼」被保全壓制在地,社會,2025/11/30 14:00,廖男被保全員壓制在地。（記者王冠仁翻攝）廖姓男子昨晚搭乘台北捷運時，涉嫌在車廂內偷親1名外籍女乘客的肩膀，女乘客嚇得當場哭了出來，一旁熱心民眾也隨即按下車廂內通話鈴求助，北捷保全員待列車抵達台北車站月台時，將廖男壓制。雖然外籍女表示趕時間暫不追究離去，但廖被壓制時，一度因情緒失控揮手攻擊站長額頭，站長事後對廖提告傷害，警方近期將再傳喚廖到案。台北市警局捷運警察隊在昨天深夜10時28分接獲通報，台北捷運站務人員聲稱，車廂中有1名男子，涉嫌趁搭車時亂親另外1名外籍女乘客的左肩膀。請繼續往下閱讀...警方調查，原來當時廖姓男子搭乘捷運，在車廂內藉機靠近1名外籍女乘客身後，還趁對方不注意時偷偷親吻其左肩膀。女乘客發現遇上變態，嚇得哭了出來，車廂內其他乘客見狀，隨即按下車廂內的對講機求助；北捷保全員與站長隨即在列車抵達台北車站月台後，將想逃離現場的廖男攔下。不過，廖疑似惱羞成怒，情緒失控，期間不斷亂揮拳，拳頭還因此打中站長的左前額。保全見他出現脫序行為，立刻上前將他壓制在地。捷警隊員警事後趕到現場，這時外籍女乘客表示因為趕時間，暫時不想追究而離去，警方也立刻追上去向她告知相關權利。由於女乘客當下沒有表明要提告，警方只好讓廖男離去，但被他揮拳打中額頭的站長，事後越想越氣，於是又到轄區派出所提告傷害，警方近期將再次傳喚廖到案。捷警隊呼籲，旅客搭乘捷運時，如遇可疑人事有異常舉動時，應可按壓車廂緊急通話鈕，或立即就近向站務人員求助，或撥打110報案電話，警方接獲報案後將立即趕赴現場，以維大眾搭乘捷運安全。熱門賽事、球星動態不漏接    ,https://news.ltn.com.tw/news/society/breakingnews/5262895
夫妻檔偕少年媒介少女「下海」做半套 法官判刑2年半加罰10萬元,社會,2025/11/30 13:59,台北地院近日審結，認定張姓夫妻二人觸犯違反兒童及少年性剝削防制條例，判處有期徒刑2年6月，併罰10萬元。（記者吳昇儒攝）台北市一名張姓娛樂公司負責人於2021年起與配偶一起媒介、招募女子到酒店、紓壓店，從事陪酒或半套、全套性服務牟利。前年3月間，夫妻二人透過林姓少年找來另一名少女從事半套服務營利，被調查官查獲，移送法辦。台北地院近日審結，認定張姓夫妻二人觸犯違反兒童及少年性剝削防制條例，判處有期徒刑2年6月，併罰10萬元。檢調調查，張姓夫妻二人找來林姓少年當作「經紀人」，物色適合的對象幫公司賺錢。前年3月間，林找來一名未成年少女，經公司面試過後，前往護膚店從事按摩附帶半套服務。尋芳客每次消費為3100元，而實際服務的少女僅能分得1千元報酬，剩餘部分則由護膚館、介紹幹部及張姓夫妻等人分潤。請繼續往下閱讀...檢調前年10月見時機成熟，搜索該娛樂公司，並將張姓夫妻及林姓少年等人帶回偵辦，並查扣相關合約書、名冊等。檢察官偵訊後，認定事證明確，依兒童及少年性剝削防制條例規定中的成年人與少年共同犯意圖營利而媒介使少年為有對價之猥褻行為罪，將夫妻二人起訴；林姓少年部分，則移請少年法庭審理。法院審理時，張姓夫妻二人見檢調事證明確，均承認與林姓少年共同招募未成年少女進行半套性服務牟利。法官認為，張姓夫妻二人案發時均已成年，卻與林姓少年同謀找來未成年少女工作，應加重其刑；但考量夫妻二人已與被害少女雙親完成調解，且其犯行以法定最低刑度猶嫌過重，依法審酌減輕其刑，故判處夫妻二人有期徒刑2年6月，併科罰10萬元，罰金部分得易服勞役100日。☆自由電子報關心您：若懷疑孩童遭受身體虐待、精神虐待或是性侵害、性騷擾，請撥打113專線，透過專業社工員接線服務，將可盡快救援在生命危機中的兒童。☆熱門賽事、球星動態不漏接    ,https://news.ltn.com.tw/news/society/breakingnews/5262861
桃市蘆竹電纜回收場清晨火警濃煙竄天 下午1點10分撲滅,社會,2025/11/30 13:50,桃園市蘆竹區龍安街二段1340巷內一家電纜回收場清晨發生火災，現場火勢猛烈、濃煙直天際（圖擷取自臉書社團桃園大小事）首次上稿 08:51 更新時間 13:50桃園市蘆竹區龍安街二段1340巷內一家電纜回收廠今（30）日清晨7點多發生火警，現場1樓鐵皮結構建物失火，疑為大量回收電纜線與雜物燃燒，現場濃煙竄天遮蔽天際，附近的國1高速公路上清楚可見一股濃煙直竄天際，桃園市消防局獲報陸續派遣19輛消防車、2輛救護車、51名消防與義消人員到場，拉出多條水線灌救當中，幸未傳出人員受困受傷；火勢於10點10分控制、下午1點10分撲滅，消防人員出動怪手進行殘火處理。請繼續往下閱讀...桃市119勤務指揮中心表示，今天清晨7點09分接獲大量火警報案指蘆竹區龍安街二段1340巷內的一家工廠發生火災，現場火勢驚人、大量濃煙直竄天際，陸續派遣大竹、龍安、中路、桃園等消防分隊人車前往搶救，消防人員到場發現失火點為電纜回收場，現場為地上1樓鐵皮建物，回收廠內的大量電纜線與膠膜燃燒竄出大量黑色濃煙。桃市119勤務指揮中心表示，陸續派遣19輛消防車、2輛救護車、51名消防人員與義消趕赴現場拉出多條水線，夢著猛烈火勢灌救，幸未傳出人員受困受傷，火勢於10點10分控制，下午1點10分撲滅，消防人員於現場動員怪手進行殘火處理，起火原因及損失待火勢仍待進一步調查。桃園市蘆竹區龍安街二段1340巷內一家電纜回收場清晨發生火災，現場火勢猛烈，消防人員冒著烈焰灌救。（記者余瑞仁翻攝）桃園市蘆竹區龍安街二段1340巷內一家電纜回收場清晨發生火災，現場火勢猛烈、濃煙直天際，消防人員拉出多條水線灌救。（記者余瑞仁翻攝）熱門賽事、球星動態不漏接    ,https://news.ltn.com.tw/news/society/breakingnews/5262636
違規遭攔下才知車牌遭註銷 一查竟是原因,社會,2025/11/30 13:33,台中市陳姓騎士違規遭攔下，員警發現車牌已遭註銷，查詢後才知道是忘記續保強制險，又被多開了1張罰單。（記者陳建志翻攝）台中陳姓男子近日騎車經北屯區，因轉彎違規跨越雙黃線遭員警攔下，沒想到員警在查詢車籍資料時，卻跳出「機車車牌異常」已遭註銷，陳男一開始一頭霧水嚇一跳，查詢後才知道原來是忘記續保強制險，除吃上至少1500元的罰單，還可能被扣繳車牌，員警提醒車主應定期檢查自己車輛的強制險情形。台中市警局第五分局水湳派出所所長涂嘉佑及警員程畯宏，近日巡邏經北屯區陳平路左轉榮德路時，看到1部機車在轉彎時違規跨越雙黃線，就在攔下機車時，巡邏車內的智慧車載系統跳出警示「發現機車號牌異常」。請繼續往下閱讀...員警詢問陳姓機車騎士，為何會騎遭註銷的車牌上路？陳男一頭霧水滿臉狐疑，不解車牌為何遭註銷，直到涂嘉佑所長出示車牌註銷資訊頁面，陳男才接受這個事實，員警查詢後才發現，原來是陳男沒有續保機車強制險，造成機車車牌遭到註銷，還要繳納罰鍰。第五分局分局長劉其賢提醒，「道路交通管理處罰條例」第12條規定，使用註銷牌照舉發最高可處車輛所有人3萬6000元罰鍰，並扣繳該車牌。依據「強制汽車責任保險法」第49條規定，若車主未依規定投保或未及時續保強制汽車責任險，經監理機關執行路邊稽查或警察機關執行交通勤務，或因違反道路交通管理處罰條例併同舉發者，由公路監理機關處以罰鍰，汽車處3000元至1萬5000元；機車處1500元至3000元；微型電動二輪車處750元至1500元。未投保車輛若肇事，最高更會處3萬2000元，提醒民眾一定要記得投保強制險。熱門賽事、球星動態不漏接    ,https://news.ltn.com.tw/news/society/breakingnews/5262869
金門老婦身陷泥灘湖警救援  漲潮前出海口大排將發抖婦人救出,社會,2025/11/30 13:26,金門縣警局金湖分局員警衝下出海口排水溝搶救身陷泥灘婦人。（金湖分局提供）金門1名疑似失智婦人昨天隨團參觀金門文化園區竟半途掉隊，不知去向，團員報警結合軍、消陸、空大搜索，幸好空拍機在天色昏暗前，海水漲潮前一刻，將身陷出海口泥灘的婦人救起，否則後果不勘設想。縣警局金湖分局指出，75歲的許姓婦人29日隨團前往金沙鎮文化園區參觀，帶隊人員清點人數發現許婦失蹤，由於婦人有疑似失智狀況，又未攜帶手機，附近離出海口不遠，情況陷入緊急。請繼續往下閱讀...金湖分局金沙分駐所下午1點據報，立刻調閱園區及路口監視器，確認許婦上午10點多誤入洋山土方場，所長辛西漢擔心入夜後氣溫驟降及海水晚間7點滿潮，淹沒出海口，危及許婦生命，辛西漢出動員警，並通聯金沙鎮長吳有家、義消，結合陸軍金門防衛指揮部金門守備大隊弟兄展開地毯式搜索，文化園區也出動空拍機支援。下午4點多，空拍機在距文化園區約400公尺的出海口大排水溝，發現身陷泥灘、人在寒風中瑟瑟發抖的許婦，辛西漢與金湖派出所警員陳宗宏聞訊，第一時間趕到現場，直接跳入泥灘，合力把身體癱軟還抖個不停的許婦救出，經送醫觀察幸無大礙，警軍民動員三小時，合力化解危機。金湖分局長王貞惠說，現場屬潮水影響區域，民眾若陪同失智長者從事戶外活動，應加強照護措施，以確保長者安全。金門一名婦人失蹤，縣警局金湖分局派員搜索，看見婦人陷在出海口排水溝立刻涉水搶救。（金湖分局提供）得知婦人陷在泥灘，第一時間到場救人的哥倆好金沙分駐所所長辛西漢（右）與金湖派出所警員陳宗宏（左）。（金湖分局提供）熱門賽事、球星動態不漏接    ,https://news.ltn.com.tw/news/society/breakingnews/5262885
沿路亂放沖天炮 草屯大觀市場驚見怪客「炸街」,社會,2025/11/30 13:16,南投草屯大觀市場，出現怪客（中）亂放沖天炮「炸街」，轄區警方已展開調查。（圖由民眾提供）南投草屯鎮鬧區大觀市場，29日有中年男子亂放沖天炮，甚至一路「炸街」，令民眾相當害怕，居民指出，該名怪客過去還曾亂丟鞭炮，猶如不定時炸彈，對此，草屯警方已展開調查，可依社會秩序維護法送辦，最高處3日拘留或3萬元罰鍰。草屯居民指出，該名男子近來常在大觀市場出沒，不僅曾點燃鞭炮往路旁亂丟，之前還有過披著中國五星旗，邊走邊喊中共萬歲，詎料這次竟亂放沖天炮沿路炸街，讓市場民眾、攤商相當害怕，若不慎引發火災，後果不堪設想。請繼續往下閱讀...草屯警方表示，針對男子在市場亂放沖天炮已展開調查，由於施放沖天炮可能干擾用路人行車安全，涉犯道交條例在道路堆積或拋擲足以妨礙交通之物，可處1200元至2400元罰鍰。另外，公然在人車眾多的市場亂放炮，也可能觸犯社會秩序維護法，因投擲或發射有殺傷力物品，危害他人或財物之虞，可處3日拘留或3萬元罰鍰，若因此引發火警，更涉犯公共危險罪，將要求男子到案說明。熱門賽事、球星動態不漏接    ,https://news.ltn.com.tw/news/society/breakingnews/5262884
連光復災民都在騙！ 佯稱贈家電須貼補5千初估28人受害,社會,2025/11/30 13:09,花蓮52歲曾姓男子在光復災區誆騙災民遭警方逮捕。（警方提供）花蓮52歲曾姓男子在花蓮光復鄉遭洪災到光復當志工，一個多月跟災民混熟後，謊稱認識外地家電大盤商，願意提供愛心家電，但運費5000元要自付，從上週開始騙到不少災民登記繳錢預付，但28日家電最後交付日曾男就落跑，被災民在車站堵到報警抓人，鳳林警分局指出，逮捕涉嫌詐騙多名災民的曾男，並查扣相關贓款及證物，初步清查約28人受害。花蓮縣警察局鳳林分局表示，曾姓犯嫌基於詐欺犯意，於11月間在花蓮光復鄉災區佯裝以「贈送家電須貼補5000元」為由，先後詐騙多名災民，藉此獲取不法所得。其中有2名被害人察覺遭詐後向警方報案，光復分駐所警力28日下午在光復車站月台逮捕曾嫌，現場查扣4萬5600元、行動電話1支、造型模擬手槍1支及相關證件等證物，並將曾嫌帶返偵辦。請繼續往下閱讀...警方檢視曾嫌行動電話內紀錄，發現疑似受害民眾名冊，初步清點達28名；實際遭詐騙金額，警方將陸續通知被害人製作筆錄，加以釐清。鳳林警分局指出，此案針對災區弱勢民眾下手，特別引起注意，並將持續加強巡邏及宣導反詐騙，防範類似詐欺事件發生；並呼籲民眾若發現可疑情事，立即撥打110或向派出所報案。花蓮52歲曾姓男子在光復災區誆騙災民遭警方逮捕。（警方提供）花蓮52歲曾姓男子在光復災區誆騙災民遭警方逮捕。（警方提供）熱門賽事、球星動態不漏接    ,https://news.ltn.com.tw/news/society/breakingnews/5262879
婦朝台灣博物館前「銅牛」潑液體腐蝕烤漆 判罰1萬4千元,社會,2025/11/30 13:06,台北地方法院近日審結，認定周婦觸犯毀損罪，判罰1萬4千元，得易服勞役。（記者吳昇儒攝）59歲周姓婦人去年6月4日中午，前往台灣博物館時，竟利用手上液體朝放置在館前的銅牛潑灑。館方人員事後發現銅牛烤漆受損，調閱監視器發現遭人破壞，報警處理。台北地方法院近日審結，認定周婦觸犯毀損罪，判罰1萬4千元，得易服勞役。博物館巡場人員於案發後巡場時發現，館前廣場東側銅牛臀、尾部位置有腐蝕痕跡，趕緊調閱1個月內監視器影像；結果發現只有一位婦人靠近該位置，且有潑灑液體的動作。液體則腐蝕保護銅牛的烤漆，造成損壞，決定報警處理。請繼續往下閱讀...檢警利用影像追查嫌疑人，勾稽比對後鎖定59歲的周姓婦人涉有重嫌，通知她到案說明，以利釐清案情。周婦到案後向檢警表示，監視器拍到自己畫面的那一天，確實有到藥房購買一瓶酒精，並且繞著銅牛一圈，細細欣賞，但並未對銅牛潑灑酒精或其他液體，否認犯行。檢察官則認為，館方人員調閱一個月的監視器，確認只有周婦一人靠近銅牛，且有做出潑灑動作，認定她就是犯嫌，依涉犯毀損罪將她起訴，並向法院聲請簡易判決處刑。法官認為，周婦無故損壞銅牛烤漆，侵害他人財產，實屬不該；考量其犯後僅仍承認部分犯行，未賠償損害及銅牛損壞情形，判罰1萬4千元，得易服勞役14日。據台灣博物館官網介紹，此次烤漆受損的東側銅牛，是1935年由日本北海道佛教團體「弘安海」為紀念箱館戰爭犧牲的兵士，鑄造並獻納於台灣神社；該銅牛是單眼皮，色澤偏紅，牛角比較短、距離較寬，長相較為「敦厚」，因近年來銅牛不堪長期的觸碰及人為破壞，已努力修護之餘，也呼籲民眾一起維護珍貴的歷史文物，欣賞時保持距離。熱門賽事、球星動態不漏接    ,https://news.ltn.com.tw/news/society/breakingnews/5262860
行經國3北上29.3K突昏迷撞護欄 休旅車駕駛緊急送醫,社會,2025/11/30 13:00,陳男駕駛休旅車行經國3北上29.3公里處時，突然昏迷導致車輛失控撞擊護欄。（記者陸運鋒翻攝）國道3號北上29.3公里新店路段，今天早上6時許發生自撞事故。陳姓男子駕駛休旅車行經該路段時，不明原因突然昏迷，導致車輛失控撞擊護欄，警消獲報趕抵後，隨即將陳男送往醫院救治，而乘客潘姓女子則無受傷，事故於早上7時許排除。警方初步調查，今早6時54分許接獲報案，國道3號北向29.3公里發生交通事故，隨即派員前往現場，經了解後，發現46歲陳男當時駕駛自小客車，載著65歲潘姓婦人行駛內側車道時，突然昏迷而致車輛失控擦撞內側護欄，再往右偏移至外側車道擦撞外側路肩護欄，過程未波及其他車輛。請繼續往下閱讀...警方指出，救護人員趕抵現場後，隨即將陳男送往新店慈濟醫院急救，而乘客潘姓婦人沒有明顯外傷，事故現場已於早上7時39分排除。警方呼籲，如有精神不濟或身體不適時，請就近下交流道或至服務區（站）休息，確保行車安全。熱門賽事、球星動態不漏接    ,https://news.ltn.com.tw/news/society/breakingnews/5262873
跑到酒店找前妻坐檯 灌醉後帶到旅館猥褻還拍照 判8月不等徒刑,社會,2025/11/30 12:40,台北地院近日審結，依乘機猥褻等罪，判處盧男有期8月不等徒刑。（記者吳昇儒攝）台北市一名盧姓男子去年3月12日凌晨前往前妻工作的酒店，指定要前妻負責坐檯陪酒。盧男見前妻喝完半瓶威士忌後酣醉，心生歹念，假意要送其回家，卻帶到附近的旅館進行猥褻、拍下裸照。盧男前妻驚醒後，拿手機求援反遭打落。被害人事後報警，對前夫提告。台北地院近日審結，依乘機猥褻等罪，判處盧男有期8月不等徒刑。檢警調查，案發時盧男刻意前往前妻工作的酒店飲酒，並向店家表示要前妻坐檯陪酒。盧男見前妻2個小時內喝完半瓶威士忌後，因為其心懷怨恨，竟假意要帶她回家，卻帶往一旁的旅館。請繼續往下閱讀...盧男在等候房務人員開房期間，竟在旅館大廳將前妻的內褲拉起，徒手撫摸其臀部及私密處；進到房內後，將其全身衣物脫光拍攝至少16張裸照。被害女子被拍照聲驚醒，發現前夫竟在拍攝自己裸照，趕緊拿上衣服、手機準備求救，卻遭對方連續摔擲於地無法使用。被害人逃離現場後，趕緊報警求援。警方則於同年5月15日持搜索票到盧男家中搜索，並查扣其拍攝用手機，利用數位採證還原，起出被其刪除的裸照，隨即移送法辦。檢察官偵訊後，依乘機猥褻等罪將盧男起訴。盧男於審理時，向法官表示有在旅館大廳猥褻前妻，並將其帶往房間內拍攝全身裸照，坦承所有犯行。法院則認定，盧男乘機猥褻被害人，且違反其意願攝錄性影像，還毀壞毀損他人物品，應分論併罰。法官認為，盧男與前妻離異後，未能理性處理兩人間關係，欠缺尊重他人法益觀念，造成被害女子身心受創甚鉅，且事後未能與對方達成和解；考量盧男最終承認所有犯行、尚有兩名未成年子女須扶養等情形，依觸犯乘機猥褻罪，判處有期徒刑8月，另違反本人意願之方法攝錄性影像、毀損等罪，分別判處有期徒刑6月、拘役50日，得易科罰金。熱門賽事、球星動態不漏接    ,https://news.ltn.com.tw/news/society/breakingnews/5262826
大BOSS命令式短語句  險讓竹北生醫某廠破財300多萬元,社會,2025/11/30 12:35,假老闆利用大boss慣用的命令式短語句，騙取企業高階管理人提供公司帳號。（讀者提供）新竹檢警近期才公告周知詐團有人專「詐」企業，竹北生醫園區今就傳出有生技業者遭詐，所幸沒有得逞。檢警分析起先能順利唬弄到企業內多名高階管理人的主因，就是詐團掌握了大boss慣用的命令式短語句口吻，讓平時習慣只能點頭如搗蒜的高階幹部，在假boss新創建的群組裡依舊只能一路「好」聲不斷，所幸財務主管突然內急，就在蹲廁所時赫然想通「是詐騙」！這才沒有破財。這起詐騙企業未遂案就發生在近日，洪姓老闆人正在外地出差，因工作忙碌、在上位者的威儀等，養成用命令式短語句發號施令。請繼續往下閱讀...檢方說，近期詐團鎖定做跨國生意的企業蒐集網頁、公開電郵、以及連絡方式，取得企業公務信箱後就假冒負責人，或合作廠商寄發電子郵件，誘使被害企業員工加入偽造的供應商聯絡管道，或假老闆指定的Line群組，用緊急付款、供貨結帳等理由要求被害企業匯款到指定的境外帳戶。這家被害公司所中招數就完全吻合前述！先是出差中的老闆被冒名對核心幹部寄發電子郵件，佯稱合作公司最近有筆款項要匯入，要求把公司帳戶影本發到他新創的群組去，接著誆稱另有筆美金9.8萬、相當台幣300多萬的帳款要支付，要求財務主管立刻匯入他所提供的帳號，群內所有公司幹部只有一路答「好」，無從多想。這時財務主管突然內急，他帶著「老闆本來就有我的Line，為何透過他人轉知他？」的疑問進了廁所，越想越不對勁下，從頭翻看「老闆」在群的所有指示，赫然發現從最初的電子郵件就是假的，這才順利拆卸掉詐團的迷障。詐團假冒老闆佯稱有筆帳款必須立刻電匯去香港。（讀者提供）詐團一開口就是要被害企業支付9.8萬美金，所幸被機警的財務主管給識破而沒得逞。（讀者提供）熱門賽事、球星動態不漏接    ,https://news.ltn.com.tw/news/society/breakingnews/5262825
毒品唾液快篩上路10日 光中山警分局就查獲3起毒駕案,社會,2025/11/30 12:32,駕駛吳男經毒品唾液快篩試劑測試呈陽性反應，涉嫌毒品駕駛。（記者姚岳宏翻攝）32歲吳姓男子今天凌晨駕車帶著一男一女酒店員工正要回店內，經過北市中山區林森北路時，由於開車搖晃被正巧經過的巡邏員警盤查，當場查獲車內吳男、趙男、廖女等3人均持有安非它命、俗稱「喪屍煙彈」的依托咪酯煙彈、K它命等毒品，由於駕駛吳男經毒品唾液快篩試劑測試呈陽性反應，涉嫌毒駕，詢後依毒品危害防治條例送辦。中山分局表示，毒品唾液快篩試劑上路實施10日以來，該分局已查緝第3案，均當場移置保管車輛，並吊扣牌照及吊銷駕駛執照，落實人車分離保護民眾。請繼續往下閱讀...警方表示，長安東路派出所員警今凌晨3時許執行巡邏勤務，巡經中山區林森北路時，發現1輛休旅車行跡可疑，且車內飄散濃厚毒品氣味，員警盤查在車內查獲安非它命、依托咪酯煙彈、K它命、毒品吸食器等，其中駕駛吳男經毒品唾液快篩試劑測試呈陽性反應，涉嫌毒品駕駛，3人詢後依毒品危害防治條例送辦。警方呼籲，毒駕修法重罰，絕不寬貸，將持續加強查緝毒品犯罪，打擊不法，淨化治安。警方搜出喪失煙彈、安非他命、K他命等毒品。（記者姚岳宏翻攝）熱門賽事、球星動態不漏接    ,https://news.ltn.com.tw/news/society/breakingnews/5262831
失智翁掏鳥喊「x炮」 嚇壞女照服員判賠8萬元,社會,2025/11/30 11:59,台東地方法院。（記者黃明堂攝）1名居家服務員於服務臥病在床的張姓失智老翁時，對方竟掏出生殖器說要「x炮」，並試圖拉她的手撫摸其下體，造成該名照服員極大精神創傷。因其失智，台東地方法院在刑事方面裁定暫理，但民事方面，認定老翁的行為侵害照服員的身體自主權，判處其應賠償精神慰撫金8萬元。事件發生於民國112年5月間。女照服員依約前往被告老翁的台東住處提供長照服務。她主張，他在服務過程中，違反她的意願，徒手強拉她靠近胸前，隨後以言語表達欲「x炮」，並抖動身體、撫摸自己下體，甚至試圖強抓A女的手去撫摸其陰莖，雖因A女及時閃躲而未得逞，但已構成嚴重的侵權行為。請繼續往下閱讀...女照服員陳述，事發後她遭受極大精神創傷，並因此罹患焦慮症，故依民法提起訴訟，向他請求50萬元的精神慰撫金。老翁方面則由訴訟代理人抗辯，他因雙腳無力長年臥床，無實施強制性交之可能，且刑事案件因他喪失訴訟能力已停止審理，應待刑事結果而定。但東地院經審理後認為，儘管老翁的行為是否構成刑法上的「強制性交未遂」尚有爭議，但其強拉、言語騷擾、試圖碰觸下體等行為，法院採信她的指述，並援引其事發後第一時間向督導求助時，情緒激動害怕的反應，以及相關通聯記錄作為補強證據，認定侵權行為事實確立，已嚴重侵害照服員的身體自主權及人格權，依法仍須負擔民事損害賠償責任。法院考量到原告受害者作為居服員，在履行職責時遭受服務對象的侵權行為，精神上確實受有相當程度痛苦，且其工作恐因此產生陰影，綜合審酌實際加害情形、對被害人造成的影響、痛苦程度，以及兩造的經濟狀況後，認為請求的50萬元過高，最終核定精神慰撫金以8萬元為適當。熱門賽事、球星動態不漏接    ,https://news.ltn.com.tw/news/society/breakingnews/5262777
嚇壞路人！苗栗頭份中古車行失火 濃煙狂湧如「黑幕」,社會,2025/11/30 11:50,苗栗縣頭份市中正路一家中古汽車車行，今（30）日上午8點多發生火警，大量黑煙湧散，猶如一堵「黑幕」一度遮蔽道路雙向視線。（翻攝臉書我是頭份人）苗栗縣頭份市中正路一家中古汽車車行，今（30）日上午8點多發生火警，大量黑煙湧散，猶如一堵「黑幕」一度遮蔽道路雙向視線，消防獲報到場灌救，確認廠內無人，出水滅火，目前火勢撲滅、排煙中，無人員受傷，起火原因待調查。苗栗縣政府消防局勤務中心今天上午8點41分接獲報案，指頭份市土牛里中正路旁一家中古汽車車行發生火警，派遣第三大隊、頭份分隊、三灣分隊及竹南分隊前往灌救。請繼續往下閱讀...消防人車抵達現場，大量黑煙從廠內湧出，一度遮蔽道路雙向視線，景象駭人，嚇壞路人，網友紛紛拍攝後張貼於臉書社團「我是頭份人」，提醒民眾行經注意。頭份市民代表周訓宇也到場關心，並留言表示，消防隊接獲報案後立即到場滅火，幸好無人受傷也沒波及鄰房，起火原因待調查，目前排煙中，請用路人經過減速慢行，感謝報案的鄰居，感謝辛苦的消防隊員。據了解，車行老闆難得休息出門，今天一早接獲里長緊急聯繫，也從嘉義趕回。苗栗縣頭份市中正路一家中古汽車車行，今（30）日上午8點多發生火警。（圖由周訓宇提供）熱門賽事、球星動態不漏接    ,https://news.ltn.com.tw/news/society/breakingnews/5262798
北市信義區夜店酒客又為小事爆衝突 網友評：晚上變成妖魔聚集地,社會,2025/11/30 11:45,警方到場處理。（記者姚岳宏翻攝）台北市信義夜店區又傳滋事案，兩群酒客疑因廁所動線問題，雙方吵了起來，甚至動手拉扯推擠，被夜店安管帶上樓，在樓上又繼續叫囂推拉，警方到場將人帶回派出所，雙方雖互不提告，仍被警方依違反秩序維護法送辦。雙方爭吵過程被附近看熱鬧的民眾PO上網，網友評論表示：「信義夜店區現在晚上都變成妖魔聚集地了」、「當成大型戲院，無聊的話買一杯酒，站在旁邊看別人發瘋也是不錯」、「酒裝酒瓶沒有事，裝肚子裡一堆事」、「好可怕喔 感覺要少來欸」。請繼續往下閱讀...轄區信義分局三張犁派出所表示，今天凌晨3時許，松壽路18號（Ruff夜店）外有人爭執，警方接獲報案後立即到場了解，發現21歲周姓男子與紐西蘭籍的24歲B姓男子因出入廁所動線問題而發生口角爭執，過程中周男與紐西蘭男子互相推擠且動手攻擊對方，後雙方立即遭夜店安管制止並帶離，故現場警方抄登雙方資料，並帶返所製作筆錄。經詢問雙方皆無提告意願，警方後續仍依違反社會秩序維護法第87條2款移請裁罰。熱門賽事、球星動態不漏接    ,https://news.ltn.com.tw/news/society/breakingnews/5262782
高雄左營驚傳墜樓亡 44歲女倒臥機車停車場,社會,2025/11/30 11:13,高雄驚傳墜樓身亡案，警方報請檢方相驗。圖為負責調查的左營分局。（資料照，記者洪定宏攝）今（30）日凌晨4點多，高雄市左營區某棟大樓驚傳高處墜樓案，1名44歲婦女倒臥在1樓大樓機車停車場，當場死亡。警方獲報派遣鑑識小組到場採證，住家等處無打鬥痕跡、無外力介入，門窗也沒有被破壞，初步排除他殺，報請檢方相驗釐清。熱門賽事、球星動態不漏接    ,https://news.ltn.com.tw/news/society/breakingnews/5262748
抓包與妻出軌怒求償110萬！小王反控「暴利」 法官這樣判,社會,2025/11/30 10:55,彰化魏姓男子外遇女同事，簽約賠償 110 萬元精神慰撫金，事後反悔反控對方「暴利行為」。彰化地院審理，雙方協商時確實「急迫、輕率」，判決賠償金額減為50萬元。（記者陳冠備攝）彰化縣魏姓汽車維修技師與已婚女同事偷情被抓包，女方丈夫江男怒氣難平，直接到魏男任職的車廠當面理論，雙方在午休時間簽下和解書，魏男承諾3個月內支付110萬元「精神慰撫金」。魏男事後反悔，指控是在壓力下「急迫、輕率」簽約，向法院主張構成《民法》第74條的「暴利行為」。彰化地院審理後認為，當時談判情境確有壓力因素，但魏男確實侵害配偶權，不宜撤銷和解，判決賠償金減為50萬元。判決指出，魏男與江男的妻子（後已調解離婚）同為車廠員工，兩人相識後發展婚外情，不僅藉員工旅遊到泰國私會，女方排休和「加班晚歸」也常是與魏男外宿。江男察覺對話內容曖昧，質疑後仍無法阻止兩人往來，婚姻與身心因此受到重大衝擊。請繼續往下閱讀...江男辯稱，他希望透過談談挽回婚姻，因此自行上網找資料擬定和解書，原本設想金額為120萬元，後經雙方討論議價才降為110萬元。江男強調，談判時並無脅迫情形，魏男當晚還傳訊表示「同意履行和解條款」，顯見並非被逼就範。魏男則指稱，江男突然在中午12點半闖入公司，要求在午休結束前簽署和解書，還說若不簽就提告並「公告周知」。考量修配廠同事與主管可能隨時進出，一旦外遇曝光將顏面無存；再加上他毫無處理經驗，在高度緊張下只能照單全收，但事後越想越不合理，認為110萬元過高，依法應認定為暴利行為。法官認為，江男未事前聯繫便在午休時間突赴魏男職場談判，在可能被同事發現的壓力下，使魏男陷於「急迫、輕率」情境，難以冷靜判斷，而110萬元也明顯高於一般妨害家庭賠償水準，具顯失公平，構成「暴利行為」。但因魏男確實侵害配偶權，仍須負賠償責任，綜合雙方條件後，將賠償金額酌減為50萬元。全案可上訴。熱門賽事、球星動態不漏接    ,https://news.ltn.com.tw/news/society/breakingnews/5262690
到屏東霧台訪友 5人誤食山上植物產生幻覺,社會,2025/11/30 10:49,搜救人員連夜上山救援誤食植物民眾。（圖由屏東縣消防局）5位民眾到霧台鄉舊好茶部落訪友，在山上誤食不明植物，身體無力，並且出現幻覺、精神恍惚、皮膚潮紅等症狀，昨晚向屏東縣消防局求救，消防局派員上山救援，今天凌晨找到5人，其中3人狀況較嚴重，經過補充水分後清晨已緩解，已由搜救人員陪5人下山。屏東縣消防局指出，求助的5人為4男1女，前往舊好茶部落訪友，疑似誤食不明植物導致身體不適，出現幻覺、精神恍惚、皮膚潮紅等症狀，消防局接獲求救消息後立即派遣第一大隊、特搜大隊、高救隊、霧台及瑪家分隊共計6車15人前往山上，現場指揮官為特搜大隊副大隊長鄭維勛。請繼續往下閱讀...搜救人員攜帶登山、急救等裝備連夜趕往，於今天（30日）凌晨接觸患者，5名患者意識皆為清醒，其中3位症狀較為嚴重，經補充水分，患者於天亮時症狀皆已緩解，可自行下山，目前由搜救人員陪同下山中。搜救人員幫誤食植物民眾檢測身體。（圖由屏東縣消防局）熱門賽事、球星動態不漏接    ,https://news.ltn.com.tw/news/society/breakingnews/5262743
75歲騎士半夜機車逆向上國道 嘉義段撞轎車起火身亡,社會,2025/11/30 10:37,國道一號北上272.3公里嘉義水上段發生嚴重車禍。（國道警方提供）首次上稿 09:15更新時間 10:37（補充案發經過）國道一號北上272.3公里嘉義水上段今天凌晨3點42分發生死亡車禍，75歲王姓老翁騎機車行駛在內側車道，與林姓男子駕駛的轎車發生撞擊，兩車起火燃燒，王男當場死亡，正由檢警釐清他逆向行駛的原因。請繼續往下閱讀...國道警方調查，國道1號北上272.3公里嘉義水上路段交通事故，75歲王姓老翁騎乘機車逆向行駛於內側車道，與行駛於內側車道由49歲林男駕駛的轎車發生撞擊，撞擊後王姓老翁摔落於內側車道，後續機車卡在轎車車頭，2車往前滑行並起火燃燒。據了解，王姓老翁騎機車誤闖台82線快速道路，接著轉入國道一號，原本順向行駛，但突然又迴轉逆向行駛，接著就與林男車輛發生撞擊；事故造成王姓老翁當場死亡，酒測值仍待法醫相驗，林男無飲酒情形，王男逆向原因及相關肇事責任仍待調查，並報請檢察官偵辦。國道警方表示，用路人駕駛機慢車應注意標誌、標線指示，避免誤闖國道，如誤上國道，應將車輛立即停靠路肩勿再行駛，人員則應到護欄外等安全地點等候，並撥打110報案或1968通報國道相關單位前往協助。機車與轎車起火燃燒，王姓老翁當場死亡。（國道警方提供）王姓老翁逆向騎機車與轎車相撞。（國道警方提供）熱門賽事、球星動態不漏接    ,https://news.ltn.com.tw/news/society/breakingnews/5262646
交友軟體引誘國中少女自拍性影像 新北男未遂判刑10月,社會,2025/11/30 10:30,花蓮地方法院。（記者王錦義攝）新北市鄭姓男子在網路交友軟體認識花蓮就讀國中的少女，兩人聊兩性議題，鄭男之後主動傳私密照給少女，要求少女也回傳私密照，不斷用言語引誘少女自拍，但最後遭拒絕，二人對話遭少女家長發現憤而提告，花蓮地方法院依引誘使少年自行拍攝性影像未遂罪，日前判處鄭男有期徒刑十月，併科罰金新台幣六萬元，手機沒收。檢警調查，被告鄭姓男子去年3月晚間，透過手機網路交友軟體，認識在花蓮就讀國中的少女，二人在聊天過程中，鄭男得知對方為並未滿18歲少女，利用對方年紀尚輕、關於拍攝自身性影像智識及決斷能力未臻成熟的機會，利用話術引誘對方拍胸部、下體等私密照，鄭男還先傳下體私密照給少女降低戒備心，「想看看、我自己看就好、我看看、就偷偷給我」，使用話術不斷挑逗、勸說少女自拍回傳。請繼續往下閱讀...少女回覆「不了，緊張中」、「那個影片不能給你看」，被告鄭男仍多次發送引誘訊息，持續引誘少女自行拍攝性影像，二人對話遭少女家長發現報警，法官認為，被告已著手實行引誘少年自行拍攝性影像犯罪行為，違反違反兒童及少年性剝削防制條例第36條第2項，引誘少女自行拍攝與性相關而客觀上足以引起性慾或羞恥的語音，惟因少女並未拍攝自身性影像而未得逞，為未遂犯，到案後坦承犯行。法官認為，被告鄭男對少女之身心健康及人格發展造成不當影響，且破壞社會善良風氣，其行為當無任何可取之處，到案後坦承犯行，並與對方家長達成和解，給付全額賠償款項完畢，被告引誘使少年自行拍攝性影像未遂罪，犯後確有悔意，依引誘使少年自行拍攝性影像未遂罪判處10個月有期徒刑，全案還可上訴。熱門賽事、球星動態不漏接    ,https://news.ltn.com.tw/news/society/breakingnews/5262697
7旬婦領300萬稱買傢俱 警識破詐團陰謀保住養老金,社會,2025/11/30 10:23,詐騙集團教導如何快速提領現金，甚至傳送假的銷貨單。（記者陸運鋒翻攝）台北市蔡姓婦人在住家附近銀行打算提領現金300萬元，且稱是為了幫兒子購買傢俱，但因說詞反覆被行員察覺有異，進而向警方報案，警方到場後，檢視蔡婦手機，發現詐騙集團教導如何快速提領現金，甚至傳送一張假的銷貨單，所幸經警方勸說，蔡婦才打消提款念頭，成功保住養老金。大安警分局今表示，已退休的74歲蔡姓婦人，本月17日跑到第一銀行延吉，分行，欲提領現金300萬元，並稱該筆資金是為了替兒子購買傢俱使用，因蔡婦神情緊張且說詞反覆，銀行臨櫃人員驚覺有異，隨即請警方到場協助。請繼續往下閱讀...警方指出，員警到場後詢問蔡婦，但她拒絕提供任何相關資料證明，直到員警突破其心房後，才得以檢視蔡婦手機對話訊息，隨後得知蔡婦受到詐騙集團誘導指使，謊稱要「協助兒子買傢俱」以便快速提領現金，詐團還上傳了一張假的銷貨單，企圖規避警方及行員關懷提問。警方說，經員警及行員苦口婆心勸說後，蔡婦才驚覺落入詐團陷阱，隨即打消提款念頭，並未造成任何財務損失。警方呼籲，詐騙集團話術不斷更新，民眾如遇大量金錢匯兌或提領要求，務必保持冷靜，同時盡快向家人、警方或銀行行員求證。熱門賽事、球星動態不漏接    ,https://news.ltn.com.tw/news/society/breakingnews/5262717
鼓勵警察子弟努力向學 北市警頒發獎學金402人獲獎,社會,2025/11/30 10:18,台北市警察局長李西河（左3）出席典禮。（記者王冠仁攝）台北市警局為了鼓勵同仁的子女努力向學，在昨天舉辦「財團法人台北市政府警察局員工子女獎學基金會」第64屆獎學金頒獎典禮，本次共有402人得獎。由於台北市警察局長李西河即將在明年1月退休，這場頒獎典禮也是他最後一次以局長身分主持，他在典禮上頒發獎學金與獎狀給得獎學生，場面溫馨。台北市警局表示，「財團法人台北市政府警察局員工子女獎學基金會」於82年成立，至今已滿32年；基金會每學期都頒發獎學金及獎狀，激勵無數警察子女奮發向上，至今累計得獎學生已超過12800人次。本次共有402名學生獲獎，其中77名學生出席頒獎典禮。請繼續往下閱讀...李西河在典禮中特別感謝松山慈惠堂、福利文創工作室、矽格公司、豐台特用半導體公司、景美集應廟、銀鐸實業公司及廣運機械工程公司、達正保險經紀人有限公司等單位熱心公益捐助，也特別感謝儀達公司董事長陳達志多年慷慨捐贈獎學金，造福莘莘學子，貢獻卓著。北市警說，此次頒獎典禮不僅表揚優秀學子，也展現警察家庭與社會各界攜手推動教育的溫暖力量，鼓勵孩子們持續努力、勇敢追夢。台北市警察局長李西河（左3）出席典禮。（記者王冠仁攝）熱門賽事、球星動態不漏接    ,https://news.ltn.com.tw/news/society/breakingnews/5262698
假投資老梗騙不停 北市婦人差點損失60萬,社會,2025/11/30 10:10,警方向婦人勸說。（記者王冠仁翻攝）台北市賴姓婦人透過網路輾轉加入1個詐騙集團的投資群組，詐騙集團還假冒「理財老師」，在群組中鼓吹投資明牌；賴信以為真，落入圈套，不久後跑到住家附近的郵局打算匯款60萬元。幸虧行員與警方聯手勸阻，她最終才發現自己上當，放棄匯款。北市警士林分局今天公布這組詐騙集團的行騙話術，同時也呼籲民眾，假投資是詐騙集團慣用的詐騙手法，民眾若遇到任何可疑情況，如要求大筆現金交易或投資高報酬產品，都應保持高度警覺。若有疑慮，請立即撥打165反詐騙專線或110報案電話查證，多一份謹慎就能避免財物損失。請繼續往下閱讀...警方調查，賴姓婦人先前透過網路，輾轉加入1個手機通訊軟體的群組，群組中每天有「理財老師」，每天大談股票投資心得，甚至還秀出獲利滿滿的對帳單。賴看得心癢難耐，詢問該如何投資，對方謊稱有穩賺不賠的方式，但由於是「內線交易」，要她匯錢到特定帳戶來「儲值」，隨後就能操作投資。賴信以為真，跑到住家附近的郵局打算辦理匯款60萬元，行員詢問匯款用途時發現異狀，通報警方。轄區員警趕到，詢問來龍去脈後發現賴墜入詐騙集團陷阱，隨即拿出過往相關新聞案例向她勸說，她最終才恍然大悟。熱門賽事、球星動態不漏接    ,https://news.ltn.com.tw/news/society/breakingnews/5262699
中市發物調券 大雅警趁機宣導民眾識詐,社會,2025/11/30 10:07,大雅警分局利用市府發放物調券，動員警力到「大雅學府商圈」，針對排隊民眾進行「假投資」及「假網購」等識詐宣導。（圖由民眾提供）台中市大雅警分局利用市府發放物調券，動員警力到「大雅學府商圈」，針對排隊民眾進行「假投資」及「假網購」等識詐宣導，希望民眾可以提前識破詐騙集團的騙術，避免掉入陷阱。大雅派出所副所長陳淯濰詳盡解說詐騙手法，隨後由偵查隊進行有獎徵答，將「假投資」及「假網購」關鍵詐騙手法融入其中，透過問答加深現場民眾的防詐印象，大人小孩的回應都十分熱情。最後員警向現場的民眾呼籲要謹記防詐技巧，希望下次再見時，不要在「受理報案台前相見」，讓現場排隊民眾哈哈大笑。請繼續往下閱讀...大雅警分局表示，「假投資」的財損金額一直是詐騙案類中第一名，特別呼籲民眾如發現網路訊息宣稱「高報酬、低風險、保證獲利」等話術就要小心警覺，且「未查證來源不投資、無執照平台不能信」。另近期「假網購」詐騙案亦有增多的趨勢，詐騙集團會以「假客服」、「不明網址連結」要求民眾進行「身分認證」，致自己的個資被盜、信用卡遭盜刷、將帳戶存款匯出，因此請民眾切勿於來源不明網址上填輸個人資料或金融帳戶資訊，以免遭騙受害。熱門賽事、球星動態不漏接    ,https://news.ltn.com.tw/news/society/breakingnews/5262695
台中大里2車消防隊前相撞  懷孕7月孕婦急送醫,社會,2025/11/30 10:01,台中市消防局國光分隊前昨天傍晚發生車禍，造成4人受傷，其中一名已懷孕7個月孕婦急送醫，所幸無大礙。（記者陳建志翻攝）台中一名簡姓男子（56歲）昨天傍晚5點多，駕駛自小客車行經台中市消防局國光分隊前，從大里路要左轉大衛路時，撞上對向由謝姓男子（34歲）駕駛直行的自小客車，猛烈的撞擊造成兩車的車頭都毀損，其中簡男和車上一名乘客，還有謝男車上2名乘客受傷送醫，其中還有一名年約30歲，懷孕7個月的孕婦，所幸送醫後都無大礙，詳細肇事原因將送交通警察大隊分析研判釐清。這起車禍發生在昨天傍晚5點32分左右，台中市消防局獲報，國光分隊前路口發生車禍，抵達時有4人受傷，其中3人送醫，一名56歲男子、意識清楚、無明顯外傷、頸部不適，還有一名女童8歲、意識清楚、無明顯外傷、胸口不適，另有一名年約30歲孕婦，已懷孕7個月、意識清楚，3人送醫後都無大礙。請繼續往下閱讀...警方初步調查，當時簡姓男子（56歲），駕駛自小客車沿大里路直行，行經大里路、大衛路口要左轉時，撞上對向直行，由謝姓男子（34歲）駕駛的自小客車，造成兩車車頭都毀損，詳細肇事責任和原因將由交通警察大隊分析研判後釐清。熱門賽事、球星動態不漏接    ,https://news.ltn.com.tw/news/society/breakingnews/5262683
知道警察在查… 男子跑到醫院藏槍被逮送辦 判5年徒刑,社會,2025/11/30 09:47,基隆地院近日審結，依違反槍砲彈藥刀械管制條例，判處余男有期徒刑5年，併罰3萬元。（記者吳昇儒攝）男子郭志玟因與友人余富城有債務糾紛，便於2021年間以槍抵債，把改造槍枝交給余男。余男事後得知郭因涉犯製毒案件，怕被牽連，竟將槍藏放在基隆某醫院停車場內，卻被停車場管理人發現。警調閱循線追查，逮到余男，將他移送法辦。基隆地院近日審結，依違反槍砲彈藥刀械管制條例，判處余男有期徒刑5年，併罰3萬元。檢警調查，郭男因為積欠余男債務，於2021年1月某日，開車接送余男時，交付一只灰綠色塑膠盒給余，事後告知盒內有彈匣、通槍條、槍枝零件2包，用於折抵債務。請繼續往下閱讀...未料，同年月余男得知，郭男因涉犯製毒案件，遭到警方追查，同時擔心其交付的槍枝已被警方鎖定，決定將槍枝藏匿在醫院停車場內。余男於同年2月1日晚間，開車進入停車場後，將含有槍枝零件的盒子置藏放停車格後方路燈桿旁，旋即逕行離去。停車場管理人員隔兩日巡查時，發現該箱，打開後發現槍枝零件，趕緊報警處理。警方隨即成立專案小組，連日調閱監視器畫面，鎖定余男將其逮捕到案。檢察官偵訊後，認為余男犯案事證明確，依違反槍砲彈藥刀械管制條例提起公訴。法院審理時，余男向法官表示，第一時間收到盒子時，並不知道裡面放置的是槍枝，後來知道後，沒有交給警察，違法部分自己都認罪；且當時是要將槍枝拋棄在停車場，希望法官能從輕量刑。法官認為，余男明知手槍具殺傷力，屬高度危險性且為政府嚴加管制、取締的違禁物品，卻同意讓郭男以槍抵債，嚴重損害法律秩序；考量他犯後坦承犯行，且未造成任何人受到傷害，也無證據證明有另犯他罪，對社會秩序及人身安全危害尚非重大，考量其犯罪動機、目的、手段等，依違反槍砲彈藥刀械管制條例判處余男有期徒刑5年，併罰3萬元，罰金部分得易服勞役。熱門賽事、球星動態不漏接    ,https://news.ltn.com.tw/news/society/breakingnews/5262651
新北微型電動車毒駕首例 他想把毒癮戒了騎到派出所自首,社會,2025/11/30 09:44,警方移置保管微型電動二輪車。（記者陸運鋒翻攝）染上毒癮的呂姓男子因想把毒品戒掉，前天下午騎乘微型電動二輪車，跑到新北市中和警分局並出安非他命自首，警方隨即實施毒品唾液快篩，結果呈現安非他命陽性反應，詢後除移送偵辦外，同時依道路交通管理處罰條例舉發，這也是新北首起微型電動車毒駕案例。警方調查，居住新北中和58歲呂男在28日下午4時許，騎乘微型電動二輪車行經中和區時，因想證明自己可以將毒癮戒掉，於是將電動自行車停放在中和積穗派出所門口後，向值班員警交出安非他命1包及吸食器等違禁品，員警見立即將其逮捕。請繼續往下閱讀...警方指出，呂男因精神恍惚，隨即對其實施毒品唾液快篩，結果呈現安非他命陽性反應，警詢後依毒品危害防制條例、公共危險等罪嫌送新北地檢署偵辦，另依道路交通管理處罰條例第73條第2項開出1200元以上2400元以下罰鍰，並當場禁止其駕駛，移置保管微型電動二輪車，同時採集尿液送檢。警方說，本案為毒品唾液快篩新制上路後，新北市「首件微型電動二輪車涉入毒駕」案例，將持續追查毒品來源；警方呼籲，毒駕風險極高，駕駛人切勿心存僥倖，施用毒品害己害人，更不要在道路上製造危害。呂男因想把毒品戒掉，於是騎乘電動自行車微型電動二輪車，到新北市中和警分局自首，並交付安非他命1包。（記者陸運鋒翻攝）警方實施毒品唾液快篩，結果呈現安非他命陽性反應。（記者陸運鋒翻攝）熱門賽事、球星動態不漏接    ,https://news.ltn.com.tw/news/society/breakingnews/5262673
國3屏東九如交流道前廂型車故障掉零件 造成小貨車側翻,社會,2025/11/30 09:40,廂型車故障造成車禍。（國道警察第五大隊提供）國道3號南向389.9公里屏東九如交流道路段，29日傍晚5點49分發生一輛行駛中的廂型車疑因後車輪軸斷裂，輪軸掉出車外，造成同向行駛的小貨車輾壓到掉出的輪軸零件失控側翻，造成吳姓駕駛人手臂骨折送醫，這起車禍也造成南下車道塞車2個小時，全案已由警方進一步處理。國道第五公路警察大隊表示，由41歲許姓男子駕駛的廂型車昨天傍晚在國道三號往南行駛於外側車道，行經屏東九如交流道前，疑因車子的後車輪軸斷裂，導致左後輪的輪軸脫離車身並往內側方向滾動，致使行駛於內側車道駕駛小貨車的55歲吳姓男子因輾壓到掉落的輪軸零件，失控側翻在道路上，造成吳男左手臂骨折送醫診治。請繼續往下閱讀...警方獲報後立即前往現場處理，昨晚6點50分排除，全線在2個小時恢復通車，竹田分隊對兩名駕駛實施酒測，均無酒精反應，警方呼籲，車輛平時應定期保養維護，行車上路前務必做好車輛車況檢查油、水、煞車、輪胎、燈光等 ，避免發生類似事件，危害自身及其他用路人之安全。廂型車的後車輪軸斷裂。（國道警察第五大隊提供）廂型車故障掉零件造成小貨車側翻。（國道警察第五大隊提供）熱門賽事、球星動態不漏接    ,https://news.ltn.com.tw/news/society/breakingnews/5262658
為了1萬元！男子烙人新竹都城隍廟前砍人 傷者臟器外露,社會,2025/11/30 09:02,於4小時內將相關涉案8人，全數查緝到案。（記者蔡彰盛翻攝）昨晚9點新竹都城隍廟連家阿婆米粉攤位傳出當眾砍人案件，陳姓男子不滿在攤位工作的17歲店員欠他1萬元不還，竟夥眾找7人前往討債尋仇，他持刀砍殺少年多刀，少年當場肚腸外露，新竹市警局第一分局立即啟動快打警力前往處理，並將傷者協助送醫，同時查訪調查相關涉案人身分，於4小時內將相關涉案8人，全數查緝到案。少年經送新竹台大醫院急救後，傷勢已經穩定，所幸無生命危險。請繼續往下閱讀...初步瞭解，經查係因被害人積欠陳姓犯嫌債務，致陳姓犯嫌心生不滿，進而糾集其他7人，分乘紅色馬3及白色豐田2部自小客車前往討債，於商討期間雙方一言不合，由陳姓兄弟、范姓、林姓等4嫌，徒手毆打被害少年，陳嫌持預藏刀子砍傷被害少年身體多處後，少年臟器外露，8人見狀隨即駕車逃逸。專案小組隨即攔查涉案紅色馬3自小客車，查獲陳姓犯嫌等4人到案，又循線陸續將其他4嫌查緝到案，全案於偵詢後依殺人未遂、妨害秩序罪移送新竹地方檢察署偵辦。熱門賽事、球星動態不漏接    ,https://news.ltn.com.tw/news/society/breakingnews/5262637
弱女酒後遭友人無套內射  色男恐嚇「如不從就殺了妳」,社會,2025/11/30 08:20,台中高分院。（資料照）越南籍移工「阿雄」（化名），今年3月晚間邀「小芬」前往友人住處喝酒，席間友人先離開，阿雄竟起色心，強行壓制想性侵還恐嚇「如不願意就要殺了妳」，雖小芬抵抗仍被強制性侵得逞，造成全身多處瘀傷，直到隔天凌晨趁機打電話向友人求救並請求報警，才被員警救出，阿雄雖否認一審仍被判3年6月，上訴二審認原審認事用法無違誤、量刑妥適，駁回上訴。檢警調查，越籍移工阿雄今年3月9日晚間邀小芬一起到友人住處飲酒，友人當晚11點有事先離開，阿雄竟起色心，先將房門上鎖，並強行取走小芬手機，接著以身體壓制，且威脅稱「如不願意就要殺了妳」，小芬因稍早喝酒時有看到房間內有刀，擔心遭到不測不得不從，被阿雄強行脫掉外褲及內褲性侵，一開始還戴上保險套，後來竟將保險套取下，並在體內射精，強制性交得逞。請繼續往下閱讀...小芬直到隔天凌晨5點多，趁機打電話向黎姓友人求救，表示自己遭他人強姦，請求協助報警，並提供該處地址，警方獲報趕到現場查獲上情，將阿雄依妨害性自主移送法辦。台中地院審理時阿雄辯稱，小芬一開始說不要，後來她說先讓她上廁所，會同意跟他發生性行為，她去上廁所自己也跟著去，是小芬同意後，才將房間門上鎖，否認有違反意願發生性交行為。阿雄的辯護人也稱，小芬當日應邀前往酒敘，且稱隨身攜帶保險套是為避免遭性侵染病或懷孕，若其擔心受到性侵，當天為何要赴約？強調兩人是一夜情的合意性交。不過一審法官從小芬的證詞和傷勢，加上傳給黎姓友人對話表示「我被強姦了」、「我想報警」、「他威脅要殺了我，所以我很害怕」，認定阿雄強制性交屬實，依強制性交罪，判處3年6月，阿雄覺得太重上訴二審。台中高分院審理時，阿雄仍否認犯行，辯稱從小芬隨身攜帶保險套，可知確實經過她同意才發生性行為，並無恐嚇或強迫，此事是因小芬向他要錢卻沒給，才不放過他；並說如果認為他有罪，請求從輕量刑，讓他可以早點回越南照顧年邁父母。台中高分院法官認為，小芬所述遭強制性交的情節可採信，原審判決認事用法正確，量刑妥適，判決駁回上訴，仍可上訴。熱門賽事、球星動態不漏接    ,https://news.ltn.com.tw/news/society/breakingnews/5262624
男子趁前女友熟睡手伸睡衣揉胸判刑8月,社會,2025/11/30 08:08,男子在前女友熟睡時躺在其身後。圖非本案新聞當事人。（示意圖）郭姓男子與A女曾為男女朋友，分手後，因要收代購感冒藥費用，郭男在今年5月28日凌晨2點進入A女房間，乘她熟睡，趁她不知抗拒對她揉胸，A女驚覺被揉，向警方報案；檢方提起公訴，嘉義地方法院裁定依簡判審理，日前依犯趁機猥褻罪判處郭男有期徒刑8月。郭男與A女曾為男女朋友，雙方分手後，A女因感冒請郭男協助代購感冒藥，因要收取費用，郭男經A女同意，前往位於嘉義縣的住處收款，5月28日凌晨2點多，他進入上A女住處2樓房間，A女已因服用感冒藥熟睡，郭男見有機可乘，乘A女不知抗拒，躺臥於A女身後，徒手自後方伸入A女睡衣內抓揉A女胸部，滿足性慾，進行猥褻行為，A女發現後報警。請繼續往下閱讀...法官審理認為，郭男為智識正常成年人，竟未能理性控制情慾，尊重他人性自主及身體權益，見A女因病虛弱熟睡，即違背信任抓揉胸部，實有不該，斟酌郭男犯後於審理中才坦承犯行，未與A女達成和解，A女無調解意願，判處有期徒刑8月，可上訴。熱門賽事、球星動態不漏接    ,https://news.ltn.com.tw/news/society/breakingnews/5262617
高雄大樹汽車保養廠凌晨失火 55歲婦人身亡,社會,2025/11/30 07:23,高雄大樹區一間汽車保養廠今天凌晨失火，消防人員在火場2樓發現55歲李姓婦人葬身火窟。（讀者提供）首次上稿 06:38更新時間 07:23高雄市大樹區溪埔路一間汽車保養廠鐵皮屋今天（30日）凌晨2點25分發生火警，燃燒汽車材料及雜物，消防局出動25車59人前往搶救，3點36分撲滅火勢，在2樓搜索發現55歲李姓婦女疑似逃生不及，明顯死亡未送醫，家屬接獲通報到場，悲痛欲絕。請繼續往下閱讀...據了解，火警發生後，傳出陣陣爆炸聲，驚動附近住戶報案，因汽車保養廠存放機油與輪胎，導致火勢迅速且猛烈，消防局撲滅火勢後清理火場，在2樓赫見女性遺體，由火調科勘驗起火原因。熱門賽事、球星動態不漏接    ,https://news.ltn.com.tw/news/society/breakingnews/5262586
小弟遭同學父掌摑 大姐頭出氣教唆報復因懷孕輕判,社會,2025/11/30 07:16,王姓大姐頭得知小弟被同學父親掌摑，涉嫌教唆友人持球棒毆打他，被高雄高分院判刑。（記者鮑建信攝）高雄市王姓大姐頭得知，少年A男到女同學家過夜被女方父親氣憤掌摑，涉嫌教唆王姓男友等人持球棒打傷女方父親，高等法院高雄分院審理，審酌她即將臨盆，依傷害罪從輕改判4月徒刑。據了解，2022年3月15日凌晨，A男前往六龜區潘姓女同學住處過夜，潘父返家發現後，因一時氣憤出手掌摑，A男心有不甘，於是告知大姐頭王女，她為替其出口氣，找王姓男友和2名不詳姓名男子幫忙。請繼續往下閱讀...當天下午5點多，王女等4人開車抵達潘宅，她指揮該2名男子涉嫌分持球棒，毆打潘父頭部、雙手、背部等處，造成輕微腦震盪等傷勢。六龜分局接獲報案後，循線逮捕王女、王男和A男等3人，A男移送高雄少年家事法院後，被法官裁定交付保護管束，王女則被依橋頭地檢署依傷害罪起訴，王男卻因未出庭應訊，被橋頭地院發布通緝。橋頭地院審理後依傷害罪，判處王女有期徒刑5月，她不服上訴，要求從輕發落，予以緩刑。高雄高分院調查，王女至今未與潘父達成賠償和解，但考量她懷孕9個月，改判徒刑4月，仍可上訴。熱門賽事、球星動態不漏接    ,https://news.ltn.com.tw/news/society/breakingnews/5262590
3歲女童溺斃泳池  恆春鎮公所管理員過失致死罪將入監,社會,2025/11/30 06:48,屏東縣恆春鎮游泳池女童溺斃案，負責監督陳姓管理員，被高雄高分院判罪後，他不服上訴被駁回並定讞。（記者鮑建信攝）屏東縣恆春鎮游泳池2022年暑假發生3歲女童溺斃案，負責監督的鎮公所陳姓管理員被高等法院高雄分院依過失致死罪，從輕改判10月徒刑，他不服上訴被駁回並定讞，即將入獄服刑。屏東地檢署指出，被告陳男為屏東縣恆春鎮公所職員，自2022年3月間起，綜理鎮公所游泳池文書、檔案、物料、財產、車輛及庶務等一般綜合性行政業務，及其他上級臨時交辦事項，並負責督導救生員。請繼續往下閱讀...同年8月22日下午，女教練帶3歲女兒前往游泳，自己則在成人池指導學員游泳，不料女童滑向深達約92公分的水池溺水，當時僅郭姓救生員（判刑）在場，卻未及時發現，直到其他家長發現，合力搶救仍回天乏術。地院認為游泳池救生員不足，陳員卻開放營業，認定有過失，依過失致死罪，判處有期徒刑1年；他上訴指出，服務公職長達20餘年，記功嘉獎達上百次，同意賠償但遭被害人家屬拒絕，要求予以緩刑。高雄高分院調查，陳員上訴後始認罪，不宜宣告緩刑，但審酌其沒有前科等情形，從輕改判有期徒刑10月，他仍不服上訴，被最高法院駁回，全案落幕。熱門賽事、球星動態不漏接    ,https://news.ltn.com.tw/news/society/breakingnews/5262587
獨家》驚！他跌落國道楠梓段險沒命 幕後金錢情感糾葛曝光,社會,2025/11/30 06:24,國道驚魂黃姓男子離奇跳車事件，警揭背後情感財務糾葛。（取自爆料公社）國道驚魂黃男離奇跳車事件，警揭背後情感財務糾葛。（取自爆料公社）首次上稿 00:36更新時間 06:24國道中山高楠梓路段驚傳離奇事故，一名身分不詳的男子從自小客車後座跌落到中間車道上，險被輾過，所幸後方車輛千鈞一髮之際閃過，男子自行爬起離開。畫面流出引起網路熱議，警方懷疑內情不單純主動追查，原來摔下車的64歲王姓男子涉入債務問題，不願陪前女友去嘉義找現任女友才在國道上突然跳車，警方持續傳4人到案說明、釐清。網友11月28日在社群網站上PO出一段影片，畫面顯示，一輛轎車行駛於國道1號北向353.7公里高雄楠梓路段外側車道，車輛左後車門突然打開，1名男子跌落車道滾了幾圈後，自行爬起穿越國道離開，緊跟著的後方車輛及時閃避，再後方的車輛駕駛也嚇得火速剎車。原轎車嚴重搖晃險些失控，所幸未發生車禍，但也沒有停車或回頭找摔車男。警方觀看影片後覺得事有蹊蹺，29日主動展開調查，意外發現案情果然不單純。據初步了解，跳車的王姓男子（64歲）因將前女友繼承的房子拿去設定抵押貸款花用，恐面臨拍賣，前女友要求他從中部到高雄處理債務，但不相信他的償還能力，要求開車載王再北上找親友簽連帶保證。前女友和2名男子陪同王男，要求王男和他的現任女友（住嘉義）一起面對債務，雙方在車上協調不成，便要求王男陪同前往嘉義求現任女友協助解決債務。王男疑不願波及現任女友，當車子上高速公路行經楠梓段時，高速下竟突然開門跳車，所幸後方車輛及時閃避，才幸運保住一命，警方調閱CCTV影像追查該車車主。據了解，王男在高速公路跳車後，並未向警方報案，而是自行到義大醫院就醫，警方除依交通法規開罰3000至1萬8000元罰單，另針對公共危險等部分，將陸續傳喚車上4人說明，釐清案情後，再依法送辦。中山高離奇事故  自小客車「掉寶」竟是活生生的人熱門賽事、球星動態不漏接    ,https://news.ltn.com.tw/news/society/breakingnews/5262571
高雄陸戰99旅爆槍響！中尉稱檢查槍彈竟在哨亭內擊發身亡,社會,2025/11/30 06:12,海軍陸戰隊99旅驚傳槍響！中尉以檢查槍彈為由，哨亭內擊發身亡。（資料照）首次上稿 00:04更新時間 06:12海軍陸戰隊99旅許姓中尉昨（29）日約晚間7點，以檢查槍枝及彈藥名義，取得械彈結合後，在哨亭內擊發身亡。請繼續往下閱讀...海軍陸戰隊表示，第一時間即封鎖現場，配合檢警調查，並同步聯繫家屬，檢派高階幹部協處。海軍陸戰隊對於同袍傷損深表哀痛，將全力配合調查、釐清肇因。熱門賽事、球星動態不漏接    ,https://news.ltn.com.tw/news/society/breakingnews/5262569
竹聯副會長殺人潛逃 刑局押回台,社會,2025/11/30 05:30,潛逃印尼的我國重大通緝犯賴彥翰被押返歸案。（記者邱俊福翻攝）重大外逃通緝犯變身食材商 我與印尼合作逮人被列為重大外逃通緝犯的男子賴彥翰，廿六年前擔任竹聯幫孝堂天母分會副會長時，涉嫌率幫眾分持西瓜刀、棍棒赴台北市天母國小尋仇，當街追砍對方人馬造成一死二傷，警方事後逮捕參與械鬥、殺人等多人送辦後，賴男遭法院判刑十一年二個月，但他潛逃印尼至今十四年，期間落地生根隱姓埋名從商；刑事警察局國際科近期獲報，與印尼執法單位合作順利逮人，前天押返歸案。請繼續往下閱讀...據悉，同樣涉及該殺人案的賴男胞弟也潛逃出境，目前行蹤不明。警方調查，一九九九年十一月間，四十七歲賴男因旗下護法跟呂姓男子有嫌隙，得知呂男出現於天母國小後，涉嫌糾集也是護法的胞弟與大批幫眾，分持刀械、棍棒等前往尋仇，當場爆發街頭砍殺暴力事件，呂男遭砍四十五刀慘死，另有二人受傷。賴男械鬥殺人 判11年2月賴男涉及這起殺人案後，二〇〇〇年遭法院判刑十一年二個月，一再上訴仍被判重刑，賴男認為已難逃法網，二〇一一年三月潛逃出境，遭士林地方檢察署發布通緝，並於去年二月被最高檢察署列為重大外逃通緝犯。賴男潛逃離境後，持他國護照輾轉至印尼雅加達隱姓埋名，從事食材貿易生意。刑事局駐印尼警務聯絡組接獲印尼移民總局通報，該國有可疑外籍人士情資後，經清查比對確認該外籍人士是賴男，印尼執法單位於本月廿六日協助我方逮捕賴男，送往移民總局進行臨時羈押，前天由我方派員押解回台服刑。熱門賽事、球星動態不漏接    ,https://news.ltn.com.tw/news/society/paper/1734038
要犯保外就醫逃亡 再犯強盜性侵求重刑,社會,2025/11/30 05:30,強盜性侵重刑犯保外就醫逃亡，再犯兩起強盜性侵案，桃檢起訴求重刑。（資料照）四十一歲強盜性侵重刑犯江昱賢在新竹監獄服刑，因病保外就醫，原應於今年六月三日向新竹地檢署報到並返監服刑，卻棄保逃亡，還在桃園市犯下強盜、性侵害二名應召女子案，桃園檢警獲報，在桃園區一家汽車旅館將他逮捕；檢方認定江男惡行難除、犯後態度惡劣，近日依強盜、強制性交等罪起訴，建請桃園地院從重量刑。江昱賢因強盜、性侵及其他犯行被判處重刑，合併應執行刑期十九年八月，收容於新竹監獄，後因患病，經評估未治療恐下肢癱瘓，去年十一月初獲准保外就醫，到宜蘭縣的醫院進行手術與復健治療，當時其殘刑剩四年六月，累進處遇晉至一級；竹監今年五月評估江男病況有改善，發文要他於六月三日返監服刑，但他逾期未歸。請繼續往下閱讀...預謀犯案 還拍裸片恐嚇 沒想到江男六月廿日晚間十點多前往桃園區一家汽車旅館投宿，隔日清晨找來應召女子性交易，對方剛進入房間，就被江男拿美工刀威脅，綑綁手腳後命女子交出提款卡、手機及說出密碼，接著性侵得逞，還拍下性侵過程；江男離開旅館後，持被害人提款卡盜領三萬一千元，女子則打內線通知櫃檯報警。江男食髓知味，當天晚間八點半多到一家百貨行購買童軍繩、束帶等物，九點再住進位於龜山區的另一家汽車旅館，找來另一名應召女子完成性交易後，亮出美工刀脅迫及綑綁手腳，使用手機攝錄女子裸露影像，恐嚇「若報警就散布影像」，還搶走女子證件及現金二萬一千元，女子事後報警。龜山警方於同月廿二日晚間在桃園區一家汽車旅館逮捕江男。檢警訊問時，江男辯稱，他是與第一位女子共謀詐取「皮條客」財物，綑綁只是做戲，但檢察官查出江與皮條客無對話紀錄，且江男否認強盜提款卡，事後卻有提領紀錄；另江男宣稱沒有脅迫第二位女子，但現場查獲美工刀，並查出他事先購買童軍繩、束帶，顯有預謀。檢察官考量江男事前備有凶器，行徑惡劣，建請法官從重量刑。熱門賽事、球星動態不漏接    ,https://news.ltn.com.tw/news/society/paper/1734039
里民指控知情不報 帶頭破壞山林／插角里長︰瀝青是暫放 包商很辛苦,社會,2025/11/30 05:30,新北市三峽區插角里長劉添財。（記者吳仁捷翻攝）新北市三峽區插角山區的兩千坪農地被營造業者傾倒大量廢瀝青，新北市農業局已從重開罰，檢警也懷疑有環保蟑螂介入，將蒐證追查不法。當地里民指控，傾倒廢瀝青污染農地的地點，位於插角里長劉添財住處旁，一輛輛載運廢瀝青的砂石車，也都會經過劉男住處，而且傾倒時間至少將近半個月，質疑里長知情不報。還有里民指稱，初任插角里長的劉添財到任不久，就砍斷舊台北縣政府時期，官方補助數百萬元、花十餘年養護的三百多棵櫻花樹，事後市政府要開罰，劉添財辯稱該些櫻花樹阻擋山路視線才砍除，雖然允諾種回，但未執行。請繼續往下閱讀...此外，去年又傳出當地吳姓里民在山區自家土地採收老薑，當時劉添財找上吳姓農民稱，採收薑要告知他，還說運上路就歸他管，里民認為他根本是攔路虎，雙方起爭執後，一度鬧上媒體，結果這次又發生傾倒廢瀝青事件，質疑里長帶頭破壞農地。劉添財曾挨批是攔路虎記者採訪劉添財，他表示，知道瀝青廢料放置在該處，但只是業者暫放，當時施工因為下雨，才暫放在該農地，透過他協調地主也獲同意，「這些廢料只是暫放而已，包商很辛苦」，他不認為違法或有何不妥之處。檢警人士表示，全案除由農業局依違反水土保持計畫重罰業者卅萬元，要求限期移除外，警方之前已會同勘查過傾倒瀝青廢的現場，後續會就全案有無不法者從中介入牟利、有無涉及刑事責任等情，深入調查釐清。熱門賽事、球星動態不漏接    ,https://news.ltn.com.tw/news/society/paper/1734037
弱勢車手其情可憫？ 法界: 一犯再犯不適用「情輕法重」／對事情理解判斷與常人無異 不該憫恕,社會,2025/11/30 05:30,姚姓女子有中度身心障礙證明，在8縣市犯15案，犯第15案法官不再輕饒，未遂仍判2年。（資料照）詐欺集團犯罪為禍甚鉅，也是當前政府執法打擊重點，但詐團利用有身心障礙、家境堪憐的弱勢者當車手或人頭戶，執法與司法機關面臨這樣的被告時，仍應嚴懲遏阻犯行、或以情狀可憫給予輕判寬典？曾擔任彰化地檢署檢察官的執業律師鄭智文認為，詐團常利用被告的「無知」，讓被告在定罪前不斷犯案，將來數罪併罰，因此「犯案成本」極低，以本案姚女來說，雖為中度身心障礙，並非智能障礙，可從事高風險的車手工作，且一犯再犯，在量的增加下，已無「情輕法重」適用問題，當事人被詐團利用完了，就得面對應有的刑期與龐大賠償。請繼續往下閱讀...姚女可能自恃身心障礙者可獲減刑輕判，被捕、起訴、判刑，仍持續犯案，在法庭上屢以家貧、身心障礙，被詐團利用等因「賣慘」，不少法院援用刑法「犯罪之情狀顯可憫恕」將她減刑，不過，她犯下第十四、十五案後，法院改為認定她惡性不輕，無值得憫恕之處，其中第十五案終於「突破」過去的判六月、不到一年、一年多不等刑度，審理法官將她判刑二年。法官︰姚女為謀利執意當車手法官認為，姚女知道當車手詐財要承擔的風險，知道要獲得酬勞，仍心存僥倖、鋌而走險，顯然各方面表現與認知，對事情的理解與判斷，與一般人無異；法官認為她之前被起訴、判刑，仍不知謹言慎行，為了圖謀利執意當車手，因而無適用「犯罪之情狀顯可憫恕」的餘地。☆自由時報電子報提醒您，防詐騙專線︰165，報案專線︰110☆熱門賽事、球星動態不漏接    ,https://news.ltn.com.tw/news/society/paper/1734035
倒滿廢瀝青 新北兩千坪農地報廢／環保蟑螂介入？ 業者︰有人帶上山傾倒,社會,2025/11/30 05:30,"本報披露新北市三峽區兩千坪良田，近來遭傾倒大量瀝青廢料，農業局開罰後，業者緊急清運。 （記者吳仁捷攝）位於新北市三峽區插角山區的兩千坪農地，出現被人傾倒大量廢瀝青，地方里民指控是施作農路的立向營造所為，新北市農業局、環保局及三峽警分局前往勘查，農業局認為破壞農地嚴重，依違反水土保持計畫重罰業者卅萬元，要求限期移除，昨天續追業者清運情況。據了解，因業者指稱有人帶路上山傾倒，檢警不排除有環保蟑螂介入，已展開蒐證、追查不法，嚇阻污染山區用地的犯行。檢警蒐證 續追不法本報日前接獲當地里民爆料，指位於插角山區的該處農地，遭惡意傾倒大量刨除瀝青廢料，已淪為「美濃大峽谷三峽版」；地方民眾也向新北市政府檢舉，進而查出是承包農業局同里暗鞍路農路改善工程的立向營造，將刨除農路產生的廢瀝青棄置該農地，導致兩千坪良田報廢。農業局、環保局廿七日上山了解，當場制止傾倒行徑，農業局隨即開鍘，以違反水保計畫重罰業者，並列入黑名單廠商。請繼續往下閱讀...新北市環保局說，已掌握大量瀝青刨除料產源，雖屬可再利用，若不肖業者未限期循合法管道移除，將被認定為廢棄物，就會依違反「廢棄物清理法」第四十六條規定移送法辦，面臨最重可判處五年徒刑、併科最高一五〇〇萬元罰金的刑罰。里民指控，一週前發現大量砂石車進入插角山區、北一〇九縣道路段，農民上山耕作赫見原本「三峽區插角段內插角小段一四三之一五」地號的農地，遭倒滿瀝青廢料，憤而向新北市政府檢舉。里民還質疑，類似營建廢料應傾倒至合法棄置場，質疑營造商勾結不肖人士，而且發包單位也監督不力，才導致污染農地事件。農業局回應表示，傾倒廢瀝青的營造商前天至昨天持續將倒在該農地的廢瀝青運走，但現場仍有不少瀝青廢料，將監督違法棄置的營造商至完全清運為止，初估傾倒量為三百立方公尺以上。新北市警三峽分局表示，當天會同農業局上山了解，由於棄置地點偏遠，研判有不肖環保蟑螂引介，將續追不法犯行。熱門賽事、球星動態不漏接    ",https://news.ltn.com.tw/news/society/paper/1734036
身心障礙證明當免死金牌 8縣市犯15案／賣慘獲輕判 女車手成院檢常客,社會,2025/11/30 05:30,姚姓女子有中度身心障礙證明，在8縣市犯15案，犯第15案法官不再輕饒，未遂仍判2年。（資料照）加入不同詐團 障礙女被抓不怕有中度身心障礙證明的卅七歲姚姓女子，五年前多次提供銀行帳戶給詐欺集團，之後又當起車手，去年被捕獲釋後立刻犯案，再度被抓，羈押獲釋後仍繼續當詐團成員，因法院考量她是身心障礙者，量刑均從輕，姚女被判刑也無所謂，持續不停犯案，總共被八個地檢署起訴十五案，甚至今年六月即將入獄前，又到彰化再「幹一票」，成為地檢署、法院的常客。犯第15案不再輕饒 未遂仍判2年姚女每回被抓就「賣慘」，指自己是身心障礙者且貧困，直到她犯下第十五案，法官審理時，認為她一犯再犯、惡性非輕，雖然未遂，仍加重量處二年徒刑。請繼續往下閱讀...判決書指出，姚女的「詐騙生涯」從二〇一〇年開始，她提供銀行帳戶跟手機門號給詐團，二〇二三年進一步當車手，多次冒充投資公司業務員向被害人收款，也多次到提款機領現金交給上級，每次報酬約三千元。姚女去年一月間更是大肆犯案，十三與十七日兩度到桃園市向被害人收款共二百萬元，兩案被判刑一年十一月；十三日還趕路到台中市向被害人收款五十萬，此案判一年六月；廿六日到彰化收款五十萬元，被判刑九月；同月卅日到台南市收款一百萬元又被捕，此案判刑六月。她瘋狂犯案，幾乎都交保獲釋，直到卅日再犯時，總算被羈押。沒想到去年三月廿七日獲釋，五月間又賣帳戶和手機門號給詐團，十月加入另一詐團當車手。她每回落網，法院審理時，多半宣稱父母是退休公務員，但父親失智，從事清潔工的她經濟困窘，且從小有身心障礙，還有情緒障礙等症狀，她是被詐團欺騙利用才觸法。多數法院都以其情可憫等理由，將她減刑輕判。但她後來在彰化落網，彰化地院認為，被告犯案未遂可減刑，但她多次加入不同詐團詐財，近年被台北、新北、桃園、台中、台南、橋頭、高雄、彰化地檢署起訴十五案（部分已判刑），一犯再犯，惡性不輕，依加重詐欺取財未遂罪判刑二年，併科罰金五萬五千元，犯罪所得五千元沒收，可上訴。☆自由時報電子報提醒您，防詐騙專線︰165，報案專線︰110☆熱門賽事、球星動態不漏接    ,https://news.ltn.com.tw/news/society/paper/1734034
彰化女車手屢獲減刑   因「這句話」讓法官不再憐憫,社會,2025/11/29 23:00,姚女犯案累累，法官不忍了重判。（資料照）姚女擔車手狂犯15案，卻以中度智能障礙、家境清寒，法官均依刑法第59條「其情可憫恕」酌予減刑，姚女出獄再犯，因而犯案累累。今年3月，姚女因收取贓款50萬元，被新北地院判處1年3月徒刑，收到判決書後，姚女立向台灣高等法院提出上訴，法官對於姚女是否適用刑法第59條「其情顯可憫恕」有充分的說明。請繼續往下閱讀...法官特別詢問姚女做案的情景，姚女說，她向被害人收取款項，他知道使用化名「林可恩」，也有給被害人看工作證，她的報酬一趟是3000元，知道要收現金，也知道擔任車手要承擔風險，要心存僥倖，鋌而走險，才參與本案詐欺犯行，很顯然被告要獲得這筆酬勞，其各方面的表現顯與一般人無異。姚女聲稱領有中度身心障礙證明，對此，法官問姚女於偵審程序之應答狀況，姚女說「我都是了解法院問我的問題才回答等語」，另佐以被告尚於本院準備及審理程序時之應答狀況，被告對外界事物之理解及判斷能力，並沒有較普通人之平均程度低，況被告前既已因提供帳戶而經檢察官起訴在案，仍不知謹言慎行、戒慎自己行為，而為圖利執意為之，惡性非輕，難認有刑法第59條規定之適用餘地，難認有刑法第59條規定之適用餘地。熱門賽事、球星動態不漏接    ,https://news.ltn.com.tw/news/society/breakingnews/5262553
女車手狂犯15案 !「1證明」屢獲減刑 這次卻栽了,社會,2025/11/29 22:44,女車手全台犯15案，法官不同情她，一案就判2年。（資料照，記者顏宏駿攝）現年37歲姚女遊走詐團擔任車手，她為「錢」全台跑透透，被8個地檢署起訴15案，卻以「台大醫院中度身心障礙證明」屢獲減刑；今年6月即將入獄前，又到彰化收款82萬元，審理此案的彰化地院法官「不忍了」，認為被告一犯再犯，惡性非輕，判刑2年。姚女2010年開始，提供帳戶跟手機門給詐團，2023年加入詐騙集團，多次冒充投資公司業務員跟被害人面交付款，也多次前往提領現金，每次可獲得約3000元酬勞。去年1月間姚女先到桃園市假冒業務員，到府收款共200萬元；同月13日又跑到台中市某超商跟被害人收款50萬；同月26日到彰化收款50萬元被捕後獲釋，釋放後繼續犯案，同月30日到台南冒充業務員收款，當場被捕，並經法院羈押，3月27日獲釋，一出看守所後，5月又開始賣帳戶、賣手機門號給詐團；去年10月間又加入另一詐騙集團，擔任提款車手、假冒虛擬貨幣幣商業務員收款；今年6月間再加入另一詐團，假冒幣商前往翁姓被害人住處收款82萬元，被埋伏的警方逮捕，並羈押至今。請繼續往下閱讀...姚女出身公務員家庭，父母皆是公務員退休，姚女已離婚，但有二名未成年子女，均由社會局照顧，姚女高職肄業，一直處於無業狀態。判決書指她擁有台大醫院所開立的中度身心障礙證明。姚女在法官或檢察官面前，表現出悔意，又用身心障礙證明，獲得減刑。但近日台中地院、彰化地院相繼做出1年11月、2年的判決，法官不再同情她，用「一犯再犯、惡性非輕」來形容姚女的行為，並給予重判。熱門賽事、球星動態不漏接    ,https://news.ltn.com.tw/news/society/breakingnews/5262550
新竹城隍廟爆砍人 17歲工讀生臟器外露命危,社會,2025/11/29 22:33,新竹市城隍廟小吃店驚傳砍人事件，17歲工讀生遭砍，傷勢嚴重，且臟器外露，已送醫搶救。（記者洪美秀攝）新竹市都城隍廟前的廣場今晚驚傳砍人事件，城隍廟內的小吃店傳出有4名男子衝進小吃店，持刀砍傷17歲孫姓工讀生。救護人員到場後發現孫姓少年臟器外露、傷勢嚴重且意識不清，已將其送醫，目前在加護病房搶救。警方懷疑與債務糾紛有關，4嫌行兇後逃逸，已透過監視器畫面展開追緝。據悉，今晚9點多有4名男子假裝遊客混入都城隍廟廣場1間小吃店，闖入店內後，就持刀攻擊小吃店孫姓工讀生，由於現場有很多遊客，不少人都受到驚嚇，救護人員趕到現場時，少年的臟器外露，身上有很多刀傷，且血流如注，整個小吃店也佈滿鮮血，孫姓少年傷勢嚴重，且意識不清，已送往醫院搶救。請繼續往下閱讀...由於案發地點就位在都城隍廟商圈核心，嚇壞不少路過民眾，遊客週末到城隍廟附近參拜用餐，沒想到竟遇上警車和救護車。警方獲報後也迅速封鎖周邊，正調閱多處監視器畫面，追查4名犯案嫌疑人身分與行蹤，並釐清行凶動機以及是否為預謀犯案。新竹市城隍廟小吃店驚傳砍人事件，17歲工讀生遭砍，傷勢嚴重，且臟器外露，已送醫搶救。（記者洪美秀攝）熱門賽事、球星動態不漏接    ,https://news.ltn.com.tw/news/society/breakingnews/5262549
11/29 今彩539頭獎開2注! 800萬獎落台南、新北,社會,2025/11/29 22:18,11月29日開獎的第114000289期今彩539頭獎開出2注。（台彩提供；本報合成）11月29日開獎的第114000283期今彩539頭獎開出2注，由台南市歸仁區大廟里大廟一街133號1樓「聯發彩券行」及新北市中和區員山路254號「順發興商行」開出。第114000289期今彩539中獎號碼為「08、27、30、33、36」，頭獎開出2注，每注可得800萬元；貳獎共204注中獎，每注可得2萬元；參獎共6750注中獎，每注可得300元；肆獎共8萬180注中獎，每注可得50元。請繼續往下閱讀...第114000289期39樂合彩中獎號碼為「08、27、30、33、36」，四合1注中獎，獎金21萬2500元；三合共286注中獎，每注可得1萬1250元；二合共10311注中獎，每注可得1125元。第114000289期3星彩中獎號碼為「457」，壹獎共133注中獎，每注可得5000元。第114000289期4星彩中獎號碼為「1125」，壹獎共92注中獎，每注可得5萬元。確切中獎號碼以台彩網站公告為主，請見「台灣彩券網站」。今彩539、39樂合彩、3星彩、4星彩中獎號碼。（擷取自台彩官網）熱門賽事、球星動態不漏接    ,https://news.ltn.com.tw/news/society/breakingnews/5262531
台南烏樹林垃圾山悶燒9天 燃燒區域縮減,社會,2025/11/29 21:59,烏樹林暫置場災場燃燒區域已縮減。（南市環保局提供）台南市後壁區烏樹林風災廢棄物暫置場21日大火，垃圾山悶燒來到第9天，燃燒區域縮減。台南市環保局指出，現場廢樹枝區經日夜不間斷地進行翻堆、灑水降溫及移置作業，28日已撲滅火勢，今（29）日開始集中機具人力投入混合區撲滅工作。南市環保局表示，今日上午監測車即時數據顯示，PM10 149.4μg/m3（微克/立方公尺）、PM2.5 43.3μg/m3，略超過空氣品質標準，不過白天邊界層高度上升、擴散條件改善，大環境污染濃度逐步下降，自下午1點起，PM10降至65.0μg/m³，PM2.5為30.0 μg/m³，均已回到空氣品質標準範圍內。請繼續往下閱讀...水質部分，環保局22日、25日、28日持續定期巡查，未發現消防廢水外溢至水體。28日再次於嘉南大圳烏樹林橋及烏樹林大排採水樣送檢驗中，目前已出爐的檢測報告採樣結果上游嘉南大圳烏樹林橋的灌溉用水經檢測均符合灌溉水質標準；下游下秀祐橋的河川水質亦未發現異常。環保局表示，現場以不間斷的方式，以挖土機、水車及消防水線進行開挖與降溫作業，未燃廢樹枝區已由消防局布設水線持續噴灑，預防後續悶燒。同時也將持續掌握空品與水質監測結果，並透過多元管道即時向市民發布相關資訊，確保環境與市民健康安全。環保局強調，現場大量澆水會導致濃煙瞬間產生；當地並不缺水，不強力灑水係因表面碳化，水進不了底層，一般水線無法立即撲滅，反而需用機具刨除、降溫再灑水。至於外界關切石綿問題，環保局強調，石綿屬特殊管理項目，民眾若無分類並妥善裝袋，環保局一律不收，清運時如發現疑似石綿瓦混雜，皆立即退件，加上烏樹林暫置場採入場檢查，民眾可以放心。後壁區烏樹林風災廢棄物暫置場，南市環保局今日集中機具人力投入混合區撲滅工作。（南市環保局提供）熱門賽事、球星動態不漏接    ,https://news.ltn.com.tw/news/society/breakingnews/5262539
11/29 今彩539、3星彩、4星彩獎號出爐啦,社會,2025/11/29 20:57,今彩539、39樂合彩開獎號碼。（擷取自三立iNEWS《全民i彩券》）今天（11月29日）台彩各項開獎獎項及獎號。今彩539：08、27、30、33、36。請繼續往下閱讀...39樂合彩：08、27、30、33、36。3星彩：457。4星彩：1125。確切中獎號碼以台彩網站公告為主，請見「台灣彩券網站」。3星彩開獎號碼。（擷取自三立iNEWS《全民i彩券》）4星彩開獎號碼。（擷取自三立iNEWS《全民i彩券》）熱門賽事、球星動態不漏接    ,https://news.ltn.com.tw/news/society/breakingnews/5262486
列車將進站!北車驚傳女子落軌  及時救起虛驚一場,社會,2025/11/29 19:41,女子落軌，旅客和台鐵服務人員前往救援。（記者劉慶侯翻攝自Threads  c.h.o.u）台鐵台北車站昨晚（28日）一女子墜落第3月台軌道，旅客與台鐵服務人員緊急將女子救起，送往台大醫院治療，對方僅頭部受傷流血。女子為何落軌由鐵路警察局調查釐清。鐵路警察局台北分駐所表示，這名女子是昨晚10時15分許，自台北車站台鐵第3月台第6車上下車處落軌。當時許多候車民眾看到都嚇得驚聲尖叫。請繼續往下閱讀...有兩名男性旅客和台鐵服務人員見狀，立即跳到軌道間進行援助，女子已失去意識，頭部破皮流血，眾人馬上將她抬離危險區域。過程中因有列車即將進站，月台上乘客驚呼，最後由消防隊救護人員送往台大醫院救治。鐵路警察局調閱監視器後排除外力介入，全案調查後依違反鐵路法第57條第2項函移交通部鐵道局裁處。救護車將女子送往台大醫院救治。（記者劉慶侯翻攝）熱門賽事、球星動態不漏接    ,https://news.ltn.com.tw/news/society/breakingnews/5262457
高雄鹽埕區公寓火警  1女昏迷送醫,社會,2025/11/29 19:24,高雄鹽埕區公寓火警1女昏迷送醫。（民眾提供）高雄市鹽埕區莒光街公寓民宅，今（29日）晚6時12分發生火警，消防局出動16車32人前往搶救，現場為5樓公寓建築物，疑似是5樓客廳起火燃燒，波及家具助燃，直至6時29分火勢撲滅，現場一名女子（約25歲）受傷且意識不清，由救護車緊急送醫治療。熱門賽事、球星動態不漏接    ,https://news.ltn.com.tw/news/society/breakingnews/5262445
知法犯法！公務員雇未成年少女陪酒 遇臨檢竟將其「塞進冰箱」,社會,2025/11/29 19:11,"台東一名48歲公務員與女友合開小吃部，竟涉嫌雇用3名未成年少女「坐檯陪酒」，甚至公然直播招攬生意，遇警方臨檢時，竟將1名少女塞入冰箱躲避查緝。（示意圖）台東一名48歲公務員與開設小吃部的女友交往，涉嫌雇用3名未成年少女「坐檯陪酒」，甚至公然直播招攬生意，遇警方臨檢時，竟將1名少女塞入冰箱躲避查緝。台東地院審理後，公務員尹男判10月徒刑、緩刑2年，須支付被害人及公庫各10萬元；女友陳女因累犯判1年1月徒刑，可易科罰金，兩人可上訴。根據台東地院調查，擔任公務員的尹男與46歲的陳姓小吃部老闆交往期間，不僅協助女友處理店內點單、結帳等業務，兩人還自2022年11月起，雇用了3名未滿18歲的少女從事坐檯陪酒工作，並透過直播吸引客人。少女每次坐檯2小時，可獲得500至600元報酬，其中尹、陳兩人從中抽取100至200元佣金。請繼續往下閱讀...這起惡行最終因校方發現少女異狀而通報警方，事件才曝光。去年7月間，警方接獲情資上門臨檢時，竟發現誇張至極的脫序行為：為了躲避警方查緝，尹男竟指示或協助將其中一名未成年少女強行藏入店內的冰箱內，手段極度惡劣。雖然該名少女被塞入冰箱，但警方仍當場查獲其他正在陪酒的少女，並查扣了帳冊等關鍵證據。警方進一步追查發現，陳女雇用未成年少女已非首次，先前才因同樣罪名被判刑並繳完易科罰金，沒想到不知悔改，竟又與公務員男友再次犯案，兩人隨即被檢方依法起訴。台東地院審理認為，尹男身為公務員，本應知法守法，卻為貪圖營利，容留未成年少女坐檯陪酒，嚴重危害社會善良風俗，並扭曲少年價值觀。考量尹男無前科，且坦承犯行，最終依3個共同犯意圖營利而容留使少年坐檯陪酒罪，合併執行有期徒刑10月，給予緩刑2年，並諭知須向3名被害少女及公庫各支付10萬元。而陳女因屬累犯，合併執行有期徒刑1年1月，可易科罰金。熱門賽事、球星動態不漏接    ",https://news.ltn.com.tw/news/society/breakingnews/5262353
注意!台中「這3類」交通違規罰單 四大超商也能繳費,社會,2025/11/29 18:04,台中市行人違規、慢車違規與道路障礙罰單，下月起可至四大超商繳納。（警方提供）台中市警察局歷經近一年規劃與系統測試，宣布自12月1日起將「行人違規」、「慢車違規」以及「道路障礙」等3類交通罰鍰，全面納入全國四大超商代收範圍，未來民眾只要到超商，24小時都能完成繳費。台中市警局交通大隊指出，以往民眾若收到行人、慢車違規或是在道路上堆積、置放雜物，或違規設攤等類型的罰單時，僅能利用白天時間親赴各警察分局或郵局臨櫃繳納，對上班族、家長及行程緊湊的民眾來說相當不便，為減少民怨、提升行政效率，著手規劃包含系統串接、模式測試到流程調整，完成擴增代收項目。請繼續往下閱讀...新制上路後，民眾只需攜帶違規通知單，在超商多媒體事務機列印繳費單，再到櫃檯付款即可，整個流程大概只需兩、三分鐘，無論是早上通勤途中、午休溜出辦事，甚至是深夜突發想處理，都能不受時間限制完成繳納。不過，警方也提醒，繳費變得更方便，不代表可以忽視交通安全。行人違規、慢車違規或是占用道路造成障礙，都可能讓自己或他人暴露在危險之中，呼籲民眾遵守交通規則、尊重彼此的用路權，才能真正享受更自在、從容、安全的交通生活。台中市行人違規、慢車違規與道路障礙罰單，下月起可至四大超商繳納。（警方提供）熱門賽事、球星動態不漏接    ,https://news.ltn.com.tw/news/society/breakingnews/5262383
夫妻駕車赴頭份旅遊 停車購物突遭休旅車撞落4公尺深大排水溝幸獲救,社會,2025/11/29 17:59,夫妻到苗栗頭份旅遊，停車購物途中突遭一部休旅車撞落4公尺深大排水溝，所幸獲救無大礙。（民眾提供）54歲楊姓男子與妻子53歲曾姓女子今天下午1點多開車到苗栗縣頭份市旅遊途中，因突然想上廁所，夫妻倆下車步行經過一處加油站附近時，突然遭59歲陳姓婦人駕駛的休旅車推撞直接掉落路旁4公尺深大排水溝，肇事原因警方仍在釐清中。轄區頭份警方指出，事發當時陳婦駕駛休旅車由南往北行經尖豐路一處加油站旁，車輛突然失控因不明原因往右偏移、撞倒路旁路燈桿再往前推撞楊、曾夫妻倆，楊、曾夫妻倆直接被陳婦休旅車撞落大水溝，消防人員到場救起2人，無生命危險已轉送台中市醫院治療。請繼續往下閱讀...頭份警方表示，經初步調查，楊男與曾女夫婦當時開車要到事發地點購買麵包，將車停在路旁後步行前往加油站廁所時，陳婦車輛突然失控撞上2人，3人皆受傷。陳婦無酒駕，接受治療後，警方詢問車禍相關狀況，陳婦可能因傷勢或被事故嚇到，暫時無法說明。夫妻到苗栗頭份旅遊，停車購物途中突遭一部休旅車撞落4公尺深大排水溝。（民眾提供）熱門賽事、球星動態不漏接    ,https://news.ltn.com.tw/news/society/breakingnews/5262379
假粉專、Line帳號盜用Logo  南市圖、永康社教中心也受害,社會,2025/11/29 17:28,臉書近期出現假冒南市圖名義的粉專，南市圖在官方粉專公告提醒民眾注意。（擷取自「南市圖」官方粉專）詐騙集團騙取民眾個資，近期頻傳各區公所Facebook官方粉絲專頁遭冒用，連台南市立圖書館及永康區社教中心也受害，詐騙集團盜用官方的Logo及照片，做出如假似真的粉專，再以免費課程等訊息，騙民眾報名、加入LINE社群。南市圖除強調，南市圖新總館沒有設置LINE官方帳號及群組，也提醒民眾，可確認追蹤人數，確認正版粉專。近日臉書上有假的「南市圖」粉專，宣稱推出活動課程報名，還有假的LINE社群，企圖騙取民眾個資，南市圖除了提醒民眾小心，不要點擊假粉專或假的LINE社群報名連結，也不要任意留下個資，南市圖官方粉絲專頁目前追蹤人數已有4.6萬，數字落差太大或是要求加入LINE，就是詐騙，如有疑問，撥打165反詐騙專線或就近向派出所查詢。請繼續往下閱讀...永康區公所及永康區社教中心也表示，正確的官方粉專追蹤人數較多，且會定期更新貼文，請民眾注意，小心不要受騙。南市圖與永康區公所、永康區社教中心除了在官方粉專公告提醒民眾不要受騙之外，也透過里長向民眾宣導。臉書近期出現假冒南市圖的LINE官方帳號及群組，南市圖在官方粉專公告提醒民眾注意。（擷取自「南市圖」官方粉專）臉書近期出現假冒南市圖名義的粉專，南市圖在官方粉專公告提醒民眾注意。（擷取自「南市圖」官方粉專）熱門賽事、球星動態不漏接    ,https://news.ltn.com.tw/news/society/breakingnews/5262340
載妹返家遇死劫！台中19歲女大生撞號誌箱亡 2肇事者被起訴,社會,2025/11/29 17:26,車禍發生當下的狀況。（資料照）台中太平區5月發生一起奪走年輕生命的車禍，台中地檢署近日偵結，認定當時同向行駛的邱姓女高中生騎車超速、未保持安全間隔，而前方欲右轉的小貨車陳姓駕駛隨意變換車道，兩人疏失連鎖引發悲劇，造成19歲朱姓女大生死亡、其16歲妹妹受傷，檢方近日依過失致死罪起訴邱、陳兩人。這起事故發生在5月21日下午4點10分左右，就讀某科大朱姓女大生，放學後騎車載著小她三歲妹妹，沿光興路往一江橋方向行駛返家，途中前方同向、與朱妹同校的18歲邱姓女騎士因車速過快，與後方朱女車距過短，剎車空間不足發生碰撞。請繼續往下閱讀...接著，更大意外發生在右側車道，37歲陳姓小貨車司機原打算右轉，但他在未妥善確認後方車況情況下突然變換車道，使得後方兩輛機車的反應空間再次被壓縮，朱姓姊妹為閃避小貨車而緊急煞車，但仍先與邱女擦撞，車身再失控衝向路邊號誌燈箱。猛烈撞擊讓朱姓姊姊倒地當場無呼吸心跳，送醫搶救宣告不治，妹妹身上有多處擦挫傷與右手骨折，幸無生命危險；邱姓女騎士也同樣受傷但無大礙，陳男與邱女兩人皆留在現場，第一時間向警方表示事故與自己有關，並主動配合調查。檢警認為兩人過失均與車禍發生具有直接因果關係，邱女超速與未保持安全距離，陳男則因未注意後方車況即變換車道，檢方近日偵結，涉犯過失致死及過失傷害罪嫌，從重以過失致死起訴，同時因2人自首，向法院請求審酌依法減輕其刑。熱門賽事、球星動態不漏接    ,https://news.ltn.com.tw/news/society/breakingnews/5262339
高雄大社機車追撞 70婦遭30歲男撞倒送醫不治,社會,2025/11/29 17:26,機車未保持安全距離追撞，導致1人死亡。（讀者提供）30歲李姓男子騎機車在高雄大社追撞騎機車70歲陳姓婦女，老婦倒地當場失去意識，送醫急救不治，高雄警方依過失致死罪嫌法辦李男。警方指出，昨天（28日）下午5點多，李男騎機車在大社區和平路二段追撞前方直行陳婦，陳婦失去意識，送醫急救不幸不治；李男無酒駕，擦挫傷送醫治療。請繼續往下閱讀...警方初步研判，李男未保持安全距離肇事，詳細肇事原因仍待調查釐清。熱門賽事、球星動態不漏接    ,https://news.ltn.com.tw/news/society/breakingnews/5262331
新北退休校長攀「玉山後四峰」失聯 高雄警消火速搜尋,社會,2025/11/29 17:17,玉山後四峰傳出郭姓退休校長失聯消息，高市消防局派出2梯次人員入山搜救中。（民眾提供）62歲郭姓退休校長與6名山友自組登山隊爬「玉山後四峰」，卻傳出郭男失聯消息，高雄市消防局獲報出動二梯次共9名警義消，配合玉管處等搜救人員前往救援，持續於鹿山、東小南山附近擴大搜尋中。高市消防局指出，28日凌晨2點多接獲南投消防局轉報，領隊報案指稱，他們一行7人爬玉山後四峰，其中一名62歲郭姓男團員失聯，最後會面點在鹿山。請繼續往下閱讀...高市消防局出動二梯次共9名警義消，配合玉管處等搜救人員前往救援，目前搜救人員持續於圓峰山屋、東小南山搜尋中；據悉，郭男是新北市某校退休校長，目前尚未找到人，救難人員正擴大搜尋範圍，期盼能有好消息傳出。熱門賽事、球星動態不漏接    ,https://news.ltn.com.tw/news/society/breakingnews/5262328
警局長凌晨1點半測試服從度！15分局長嚇醒秒回 只有「她」睡到天亮才「收到」,社會,2025/11/29 16:35,據了解，分局長們深夜被驚醒、互打電話提醒，有15人於15分鐘內火速回覆，唯獨一人隔天早上7點才補一句「收到」，意外成為這場「午夜點名」最具戲劇性的插曲。示意圖。（資料照）六都警界近期流傳一則「午夜點名」趣聞，某直轄市警察局長在凌晨約1點30分突襲發布指令，LINE群組內16位分局長，有15位火速回覆，唯獨一人「遲到」近6小時，直到隔天早上7點才補上一句「收到」。這場意外的訊息突襲事件，除成為警界高層打趣的話題，也被解讀為高層對主管「隨時待命」能力的嚴苛測試。據了解，該市警察局的龍頭A局長，向來以「軍事化管理」著稱。本月某日凌晨1點30分，他突然在包含16位分局長的LINE群組中拋出一則簡短、卻帶有強烈工作訊號的訊息：「我擬定了『某四大原則』。請各位分局長閱後立即確認，若有任何意見，請即刻回覆。」請繼續往下閱讀...這則選在午夜時分發布的訊息，瞬間在群組引爆宛如「大地震」般的緊張氣氛。許多分局長當時已入睡，手機響起後發現是局長發文，睡意瞬間全無，並迅速回報：「XX分局收到，無異議」、「YY分局收到」、「ZZ分局沒有問題」，彷彿深夜軍令狀。警界內部議論紛紛，許多人私下猜測，這場突如其來的午夜發文，很可能並非真的有急迫事務需要處理，而是局長對基層主管們的「服從度與戰備狀態」進行的一場高壓測試。有趣的是，當時分局長們不僅自己被驚醒，甚至互相致電提醒：「快起來看群組！局長發文了！」短短不到15分鐘內，16位分局長已有15位完成回覆，整齊一致的「收到」排成一片。在這片整齊劃一的回覆文中，僅一名分局長從頭到尾沒有出聲；直到隔天早上7點多，她才慢半拍補上一句「收到」，在群組裡顯得格外突兀，成了這場「午夜點名」最具戲劇性的插曲。警界人士透露，錯過這場深夜急令的分局長雖已於事後第一時間補回，但因「慢回6小時」仍被同僚私下拿來開玩笑，並被解讀為唯一沒有通過「局長午夜測試」的主管。一位資深警官無奈表示，「在警察這個講究效率、服從的體系裡，凌晨長官下令還沒回，假如真的是緊急狀況，這6小時的延遲後果不堪設想。」這起事件也讓不少人心有餘悸，生怕哪一天再錯過局長的「午夜急電」，不就證實自己未能隨時保持在戰備狀態。熱門賽事、球星動態不漏接    ,https://news.ltn.com.tw/news/society/breakingnews/5262292
男子駕車違規迴轉又失控連撞4汽機車 2人受傷送醫,社會,2025/11/29 15:40,林男駕車違規迴轉，又失控連撞4車，造成2人受傷送醫。（民眾提供）高雄市一名林姓男子今天駕車要回家，行經楠梓區德民路及勇昌街口，違規自外側車道迴轉後，突然駕車失控，連撞3輛轎車、1輛機車，造成喬姓騎士姊妹2人受傷送醫，警方將對林男開罰600至1800元。警方調查，林姓男子（39歲）今天駕駛一輛轎車，行經楠梓區德民路往東方向，違規自外側車道迴轉往西。不料林男突然駕車失控，衝撞正於勇昌街停等紅燈3輛轎車，分別由44歲曾姓女子、49歲范姓男子、49歲楊姓男子駕駛。請繼續往下閱讀...林男還撞擊菲律賓籍喬姓女子騎乘機車搭載胞姊，造成31歲喬女及後座36歲喬姊2人，均受到輕微擦挫傷，救護人員將2人送醫治療，所幸沒有生命危險。警方據報勘驗車禍現場，確認林男酒測值為0，林男辯稱車輛迴轉後，突然失控才會衝撞其他車輛；警方初步認定林男肇事責任明顯，詳細肇事責任由交通大隊進一步鑑定。警方針對林男違規自外側車道迴轉，違反依據道路交通管理處罰條例第48條1項4款規定，開罰600至1800元罰鍰，呼籲駕駛人應隨時注意交通標誌、標線、號誌指示，並保持專注、減速慢行，以保障自己和他人的安全。林男駕車違規迴轉，又失控連撞4車，造成2人受傷送醫。（民眾提供）林男駕車違規迴轉，又失控連撞4車，造成2人受傷送醫。（民眾提供）熱門賽事、球星動態不漏接    ,https://news.ltn.com.tw/news/society/breakingnews/5262225
桃園這所小學運動會不平靜  學生起爭執家長代出頭起衝突,社會,2025/11/29 15:34,桃園市議員詹江村在臉書PO文說明中壢區該國小運動會的家長間發生衝突。（擷取自網路）桃園市中壢區1所國小3年級2名學生，18日進行運動會排演時，學生A認為學生B未盡力配合排演批評：「這樣會0分！」學生B一度拿起椅子示威，幸老師勸止，衝突未擴大；豈料22日學校運動會當天上午11點，雙方家長碰頭並爭執，學生A的祖父動手毆打學生B的父親，後者已提出傷害告訴。桃園市政府教育局表示，運動會當天，學生A祖父、學生B父親在圖書館前方偶遇，雙方為了自己孩子出頭，一方認為對方言語尖銳，一方指責對方拿起椅子致人心生恐懼，結果一言不合，學生A的祖父朝學生B的父親左臉下顎打了5下後離開，校方獲報，趕往關心，學生B父親婉拒要去學校健康中心，自行前往醫院驗傷後，已向中壢警方報案。請繼續往下閱讀...該國小已依規定完成校安通報，校方強調，後續除將留意雙方動態，也會關心2名學生的情緒狀況等；桃園市議員詹江村指學生A祖父具警友身分，對此，警方回應，青埔派出所22日獲報該國小內有民眾糾紛，立即派員前往，後續了解狀況並已受理報案，將依法偵辦，絕不會因相關人士是否具警友身分而受到影響熱門賽事、球星動態不漏接    ,https://news.ltn.com.tw/news/society/breakingnews/5262210
施用安毒還上路！ 工人騎車搖晃被警盯上,社會,2025/11/29 15:34,陳男將安毒吸食器攥緊在手裡，警方發現後質問「這是什麼？」（記者徐聖倫翻攝）50歲陳姓男子前日在新北市淡水某工地任交通指揮人員，中午騎車買便當時被員警注意，因他騎車搖晃不穩，警方於是上前攔查。這一查竟發現，陳男將安非他命吸食器緊握在手，確認陳男毒駕，當場將他逮捕並法辦。據悉，淡水河北側道路進行施工，陳男身為交通指揮人員必須著裝反光背心，在工地門口指揮路過車輛。26日中午，陳男騎車離開工地去幫自己與同事購買便當，途中他搖搖晃晃好幾次差點摔車，加上反光背心顯眼，路過的巡邏員警見其有異，即刻上前攔停。請繼續往下閱讀...陳男起初還不願老實交代，直到耐不住警方質問，他才承認手裡攥的是安非他命吸食器，經過唾液快篩，反應呈現陽性，警方即刻將他帶回偵詢。期間，陳男承認吸毒，但不知網路賣家資訊，警詢後，依毒駕罪嫌將陳男移送法辦。唾液篩檢呈陽性，陳男賴不掉吸毒事實。（記者徐聖倫翻攝）熱門賽事、球星動態不漏接    ,https://news.ltn.com.tw/news/society/breakingnews/5262196
門一開瞬間石化！南投爸媽急奔台中找失聯兒 真相讓人哭笑不得,社會,2025/11/29 15:29,黃男雙親到黃男租住處尋人。（民眾提供）一名在台中工作的22歲黃姓男子，近日因手機故障突然失聯，雙親因聯繫不上寶貝兒子，心急如焚地從南投直奔台中租屋處確認安危，警方也在獲報後陪同前往查看，最終在黃男開門瞬間，黃母見到愛子平安無事，緊繃情緒瞬間鬆懈，雖是虛驚一場，仍忍不住熱淚盈眶。黃姓夫婦前天向台中市第三分局健康派出所報案，表示在台中工作兒子這兩天完全失去聯繫，打了無數通電話都石沉大海，「他平常一定會報平安！」黃母哽咽說，尤其近期天氣忽冷忽熱，更讓他們憂心是否出了意外，心急如焚下直接從埔里開車趕往台中。請繼續往下閱讀...巡佐林紀韶、警員林欣增得知情況後立即協助，陪同夫妻前往南區工學路租屋處，社區警衛也證實黃男確實於前一晚返家，這句話反而讓親人更坐立難安，擔心兒子可能屋內出了狀況卻無法求援，一行人迅速搭電梯上樓，來到黃男房門前敲門。此時走廊氣氛緊繃，黃母站在門口，雙手不自覺緊握，臉上滿是不安，隨後門鎖傳來輕微響聲開門，黃母瞬間大喊：「弟弟！」情緒猛然鬆開，眼眶立刻泛紅，連忙上前抓住兒子的手確認他毫髮無傷。而黃男看著警方、父母與警衛排成一列站在門外，整個人愣在原地像被按下暫停鍵，原來手機前一天開始故障，無法接聽、無法撥號，也沒想到家中會因此「大動干戈」，對引起騷動直說不好意思；警方則建議家中成員可建立「固定報平安」習慣，或預留第二聯絡方式，避免因通訊中斷引發誤會。雙親見開門黃男安然無羔，這才髮了一口氣。（民眾提供）熱門賽事、球星動態不漏接    ,https://news.ltn.com.tw/news/society/breakingnews/5262184
新北老舊轎車突起火自燃   火勢延燒路邊6機車也遭殃,社會,2025/11/29 15:20,汽車自燃延燒到停在一旁的機車。（記者徐聖倫翻攝）新北市三重發生火燒車意外，昨一輛停在三重區成功路巷弄內的老舊轎車突然起火，路人見狀趕緊報案，但火勢延燒迅速，已波及一旁6部機車。消防人員據報趕抵，趕緊將火撲滅，詳細起火原因仍待釐清。警方調閱相關監視器，發現事發當下沒有人靠近該車，排除人為因素。新北市消防局火災調查科在火勢熄滅後，第一時間進行採證，不排除機具老舊故障引起，詳細起火原因仍待查。停在路邊的機車被燒毀。（記者徐聖倫翻攝）熱門賽事、球星動態不漏接    ,https://news.ltn.com.tw/news/society/breakingnews/5262224
假冒台電「電費退款」再現！ 刑事局提醒民眾當心詐騙,社會,2025/11/29 14:58,（刑事局提供）刑事警察局近期發現多起民眾收到自稱台灣電力公司寄發的「電費計算錯誤、可申請退款」訊息，實則是詐騙集團仿冒台電名義與格式，藉由製作假網頁引導民眾點擊連結，最終蒐集民眾的信用卡、金融卡資訊，可能遂行盜刷，甚至可能進一步植入惡意程式，今天提醒民眾多小心，切勿點擊不明連結。刑事局表示，台北市一名廖姓男子近日收到一則自稱「台電」的簡訊，內容寫著：「您上期電費計算錯誤，可點擊下方連結申請退款。」，簡訊後方附上一串看似與台電相關的網址，廖男起初以為帳單真的出錯，便點擊了簡訊中的連結。請繼續往下閱讀...網頁跳出後，畫面同樣仿造台電官方風格，標示「退款申請」與「用戶資料驗證」，並要求輸入姓名、身分證統一編號、聯絡電話，接著更要求填寫「銀行卡號」與「信用卡資訊」。廖男在輸入部分資料後，發現頁面上方的網址雖有「taipower」字樣，但後半段卻出現奇怪的英文字串，看起來並非官方網站，讓廖男越看越覺得不對勁，便立即停止操作並退出該頁面，經撥打台電服務專線查證後，才確認遇到詐騙。刑事局表示，此類詐騙訊息通常以「電費計算有誤」作為誘因，並宣稱民眾可領取退款，內容附上圖片或按鈕，誘導前往「退款申請」頁面。由於詐騙集團刻意使用外觀與台電十分相似的網頁畫面，甚至在網址文字中夾帶「taipower」字樣，使受害人誤以為是官方寄送，一旦民眾誤點連結，畫面會跳轉至偽裝的退款頁面，並要求輸入身分證統一編號、電話、銀行卡號甚至信用卡序號等敏感資訊。詐團藉此收集這些資料後，即可能進行盜刷、申請貸款或利用被害人身分進行其他詐騙。台電已正式澄清，從未以電子郵件方式要求民眾提供金融資料，亦不會以「退款」為由要求點擊外部連結；真正的退款僅會在次期帳單抵扣，或依規定由民眾主動向台電申請。熱門賽事、球星動態不漏接    ,https://news.ltn.com.tw/news/society/breakingnews/5262162
台東市小貨車與機車相撞 志航基地20歲士官送醫不治,社會,2025/11/29 14:51,台東市志航路今天上午發生車禍，20歲年輕士官不幸身亡。（記者黃明堂翻攝）台東市志航路二段與富源路口今天上午發生小貨車與機車碰撞造成騎士死亡車禍，警方獲報後迅速派遣線上警力到場，第一時間協助交通疏導，並與消防救護人員共同處理傷患，20歲騎士、空軍志航基地許姓士官重創送醫不治。台東警察分局表示，今天上午接獲報案，在志航路二段與富源路交叉路口發生一起交通事故，警方於獲報後立即派遣員警到場交通疏導並配合消防人員救護傷患。請繼續往下閱讀...經瞭解是年約70多歲柳姓男子駕駛自小貨車沿志航路二段南往北左轉富源路往凌霄寶殿時，與對向直行往市區方向直行的20歲許姓男子騎的重型機車發生事故，許姓騎士經送醫後仍不治，詳細事故發生原因由台東交通小隊調查釐清中。台東警察分局呼籲民眾駕駛車輛應注意車前狀況及直行車優先觀念，切勿為求便利而忽略對向車輛行駛速度，另應有安全駕駛觀念，以避免發生交通事故。熱門賽事、球星動態不漏接    ,https://news.ltn.com.tw/news/society/breakingnews/5262180
巷道過窄釀事故?  基隆救護車救人巷道會車遭貨車撞,社會,2025/11/29 14:46,基隆市消防局1輛救護車今天上午救護途中，在巷弄內與迎面而來的貨車發生碰撞，還好未影響救護，雙方肇事責任有待警方進一步釐清。（記者林嘉東翻攝）基隆市消防局1 輛救護車今（29日）上午救護途中，疑因巷道過於狹窄，與迎面駛來的貨車發生碰撞，致救護車右側後方向燈破損。基隆市警察局交通隊繪測事故現場圖後，調閱事故地點監視器釐清雙方駕駛肇事責任。基隆市警察局交通隊交安組長楊弘亮表示，用路人行車遇救護車載運傷患就醫時，務必主動禮讓救護車通行，若不立即避讓，違反「道路交通管理處罰條例」第45條第2項規定，不僅會被罰台幣3600元，還會被吊銷駕駛執照及吊扣汽車牌照6個月，切莫以身試法。請繼續往下閱讀...基隆市消防局今天上午10時許獲報，東明路有一起老人跌倒，急需救援；李姓消防隊員駕駛救護車與同僚趕往救援，行經基隆市信義區東明路77巷內時，迎面駛來1輛貨車，2車在會車時發生碰撞，救護車右後側方向燈破損，貨車則車體受損。基隆市警二分局東光派出所警員為李姓消防隊員與林姓貨車司機酒測，2人酒測值均為每公升0毫克。警方初步調查，貨車與救護車在會車時，因巷道過窄，林男才會在避讓救護車時與救護車發生擦撞，還好該起事故並未影響救援；整起事故肇事責任歸屬有待釐清。熱門賽事、球星動態不漏接    ,https://news.ltn.com.tw/news/society/breakingnews/5262121
台男阿布達比轉機遭帶走 妻續遊土耳其還要求外交部買單後續費用惹議,社會,2025/11/29 14:33,陳姓男子24日在阿聯阿布達比機場轉機時被警方帶走調查，外交部今（28）日說明詳細協處經過顯示，阿聯警方曾稱逮捕原因與刑事案件有關。（資料照）雲林一名陳姓男子24日在阿布達比轉機時遭警方帶走調查，案件原因被指涉入當地刑事案，外交部多次要求家屬依阿布達比法律前往委任律師，但遲遲未獲配合。更引發爭議的是，陳男妻子楊姓女子並未第一時間趕往阿布達比，而是被質疑續行土耳其行程，事後卻向外交部要求無償負擔陳男6天食宿與返台機票，並強調「不得用借貸方式」，引發外界反彈。對此，陳妻澄清，自己並非置身事外，而是因多項限制無法立即入境杜拜處理。律師林智群昨（28）日在臉書發文表示，陳男在阿布達比機場轉機被抓走，陳妻卻前往土耳其繼續行程，「這個心臟真的很大顆欸，又不是掉手機，而是掉老公，老公看起來像消耗品嗎？掉了，回去台灣再申請一個就好了嗎？」請繼續往下閱讀...他指出，阿布達比的法律明確規定必須由家屬委任律師，外交部不能代為處理，外交部只能通知家屬親自到當地委任律師，但楊女卻將矛頭指向外交部不積極，「若最終仍得由家人到阿布達比委任律師，還是由外交部官員協助，那外交部從頭到尾並無怠惰」。林智群質疑，關於陳妻委託韓國瑜、張嘉郡協助的過程並不清楚，外界至今仍不明白最終如何成功委任律師，「除非能提出證據證明『不需要家屬』也能在當地委任律師，否則沒立場指責外交部」。他更直言，「這個老婆自己都不著急了，老公不見了，還可以繼續她的行程，不跑到阿布達比委任律師，皇帝都不急了，外交部要急什麼？另外該男發生這個事情，也不是外交部的問題，為什麼要外交部買單？外交部看起來像保險公司嗎？」林智群隨後也補充，「政府不是保母，也不是你老母，沒義務幫你做這麼多事情喔！外交部只提供律師名單，不會幫你出錢請律師。外交部『不會』無償給你錢、『不會』幫你出醫療費、律師費、保釋金。」根據《三立新聞》報導 ，針對外界諸多質疑，陳妻解釋丈夫被帶走後她同樣焦急，但在未取得杜拜簽證之前，她根本無法入境處理，也無法確認當地律師、探視程序或能否見到丈夫。她表示，配偶探視須出示結婚證明，而文件需在台灣或經親友協助才能備妥；入境簽證通常需3至5天，使她無法立刻前往。陳妻坦言，原本打算立即中止旅遊行程，但在多重限制下，自己不知道能做什麼，既擔心丈夫狀況，又在程序與資訊不足下感到無力，只能一步步尋求協助。熱門賽事、球星動態不漏接    ,https://news.ltn.com.tw/news/society/breakingnews/5261977
桃園國二生墜樓網傳「被同學推的」 警調監視器曝真相,社會,2025/11/29 14:27,桃園市一所國中發生國二生墜樓意外，校方發公告安撫學生心情。（教育局提供）桃園市一所國中昨下午發生國二生從走廊墜樓意外，該學生送往聖保祿醫院轉林口長庚醫院手術後，目前生命跡象穩定正在留院觀察，由於事後網路上瘋傳男同學是「遭其他同學推下樓」，甚至有人質疑監視器拍不到事發原因大有學問，消息曝光後頓時引起各界關注，警方調出監視畫面，發現該名男學生一個人走到走廊後墜樓，現場沒有看到其他人。這起墜樓事件發生在昨下午3點33分，校方除通報消防局救護外，並依規定進行校安通報，另外，校方也同步介入校內輔導措施，輔導室已針對目睹事件的師生及相關班級進行安心輔導，後續將提供持續性的個別及團體支持，協助學生處理情緒衝擊。請繼續往下閱讀...由於網路討論越來越誇張，還確有其事的模樣，連桃園市議員黃瓊慧看不過去發文請桃園警分局查證，檢視監視器後，未看到該學生遭同學推落的情況，詳細案情仍待進一步釐清；校方也嚴正駁斥該謠言，呼籲勿在校內外或社群媒體上臆測、討論或散播未經查證的訊息，以避免造成學生及家屬二次傷害。教育局調查指出，該學生自行離開教室從走廊翻牆躍下，被教職員工發現躺在地上，立刻報警送醫，事發後校方前往班級了解該生情況，同學均表示不清楚該生為何墜樓，另導師表示該生在校表現正常且學業優秀，家長也沒有想到可能原因；由於學校正值段考，是否與段考有關，仍待後續釐清。熱門賽事、球星動態不漏接    ,https://news.ltn.com.tw/news/society/breakingnews/5262115
高雄小客車左轉撞直行機車  21歲海巡士兵送醫不治,社會,2025/11/29 13:52,左轉汽車（中）與直行機車（右）發生車禍，21歲男騎士送醫不治。（讀者提供）11月28日晚間將近10點，50歲林姓男子駕駛汽車左轉，與騎機車直行的21歲陳姓海巡署志願役一兵發生車禍，陳男倒地送醫不治，高雄警方依過失致死罪嫌法辦林男。從監視器畫面可見，林男左轉過程，陳男騎機車撞到汽車右側後倒地，汽車被撞有點偏移，稍微往前停止。請繼續往下閱讀...警方指出，林男開車由西往東行駛並左轉進入林園區椰樹東巷時，與由東往西直行的陳男機車發生碰撞，陳男送醫急救宣告不治，林男無酒駕，後續肇事原因有待鑑定釐清。據了解，陳男在海巡署南部分署第五岸巡隊服役，為志願役一兵，昨晚他收假回營途中發生憾事，隊部已協助家屬處理相關事宜。熱門賽事、球星動態不漏接    ,https://news.ltn.com.tw/news/society/breakingnews/5262120
72歲翁右轉撞直行機車  23歲女騎士人車翻滾送醫不治,社會,2025/11/29 13:41,陳姓老翁未禮讓直行車釀禍。（讀者提供）72歲陳姓老翁駕駛汽車右轉，撞倒騎機車直行的23歲葉姓服飾店女店員，葉女連人帶車在地面翻滾數圈，撞到人行道標牌桿才停止，安全帽隨之噴飛，送醫急救仍宣告不治，高雄警方依過失致死罪嫌法辦老翁。警方指出，11月28日將近中午12點，老翁開車沿前鎮區新生路南往北方向行駛至興仁路口右轉時，與沿新生路南往北騎機車直行的葉女發生車禍，導致葉女多處受傷，葉女送醫不治。請繼續往下閱讀...從監視器畫面可見，陳姓老翁的汽車右轉撞倒葉女，她如同「人車一體」與機車在地面翻滾數圈，撞到人行道標牌桿才停止，安全帽隨之噴飛。警方強調，陳姓老翁無酒駕，初步分析肇事原因，他轉彎車未禮讓直行車，葉女則未注意車前狀況；詳細肇事責任，仍待交通大隊進一步分析研判。葉姓女子騎機車被撞送醫不治。（讀者提供）熱門賽事、球星動態不漏接    ,https://news.ltn.com.tw/news/society/breakingnews/5262084
險撞巴西男子還咆哮！ 警唾液快篩一測揪出毒駕男,社會,2025/11/29 13:23,警方唾液快篩揪出徐姓毒駕男。（警方提供）台中北屯區近日發生一場驚險又離譜行車糾紛，一名巴西籍男子過馬路時，差點被一輛轎車擦撞，雙方因此爆發口角，警方到場發現27歲徐姓駕駛語無倫次，身上飄出明顯愷他命燃燒味，隨後又查出「喪屍煙彈」，唾液快篩果然呈陽性反應，當場對涉及毒駕徐男「人車分離」並依法究辦。第五分局當天獲報前往處理雙方糾紛時，徐男的反應明顯異常，他先是把在場行人稱作「朋友」，下一秒又改口說「不認識」，警方詢問隨身物品放哪裡，他更混淆把「車上」說成「身上」，另一方的巴西籍男子則氣憤指控，徐男駕駛的車輛不僅差點撞上他，對方還下車大聲咆哮，嚇得他立刻報警。請繼續往下閱讀...員警在徐男車內可及視線範圍內發現俗稱「喪屍煙彈」依托咪酯，顯示應是吸毒後駕車，才會導致行為舉止顛三倒四，為避免他再次上路危害民眾安全，警方立即告知唾液毒品快篩程序並取得同意進行檢測，結果毫不意外呈現陽性！警方當場依《道路交通管理處罰條例》第35條告發，徐男將被重罰3至12萬元，車輛立即拖離保管、駕照也將被吊扣1至2年落實「人車分離」，預防毒駕危害，全案並依毒品罪嫌移送台中地檢署偵辦並追查公共危險罪犯行。台中市警局自20日全面正式啟用唾液毒品快篩以來，一週內執行44場大型路檢、部署逾千名警力，至今已揪出14件毒駕案件，市刑大大隊長紀延熹強調，警方對毒駕行為絕不姑息，將持續使用唾液毒品快篩試劑檢測執法，讓毒駕案件無所遁形。警方查扣的毒品。（警方提供）熱門賽事、球星動態不漏接    ,https://news.ltn.com.tw/news/society/breakingnews/5262102
北市小黃運將疑轉彎沒注意  自撞行人庇護島180度大翻車,社會,2025/11/29 12:20,蕭姓司機駕駛計程車，今日凌晨在台北市文山區景中街180度翻覆。（記者鄭景議翻攝）60歲的蕭姓司機駕駛計程車，今日凌晨在台北市文山區景中街欲左轉羅斯福路時，疑操作不慎自撞行人庇護島，導致車輛當場180度翻覆。所幸文山第二分局員警及時趕到現場處理，蕭姓駕駛並未受傷，經酒測後排除酒駕，詳細肇事原因仍待釐清。文山第二分局警方表示，今日凌晨0時26分，蕭姓司機駕駛計程車沿景中街東往西內側車道行駛，欲往南左轉羅斯福路6段，蕭男疑因操作不慎，轉彎幅度未注意，導致左側車身不慎自撞行人庇護島而肇事。請繼續往下閱讀...文二警獲報後立即前往現場處置，確認駕駛並未受傷。經員警現場酒測，酒測值為0.0mg/l排除酒駕，亦無毒駕情形。警方後續依規定辦理，詳細肇事原因有待交通大隊鑑定。文山第二分局呼籲駕駛人，行車時應隨時注意車前狀況，若對於路況不熟悉，務必減速慢行，預留安全的反應時間及空間，以避免發生交通事故。熱門賽事、球星動態不漏接    ,https://news.ltn.com.tw/news/society/breakingnews/5262043
馬太鞍溪堰塞湖釀19死 花檢陸續約談相關人員,社會,2025/11/29 11:45,花蓮馬太鞍溪堰塞湖9月23日溢流造成19人死亡、5人失蹤，台灣花蓮地方檢察署已完成初階段資料蒐集和證據鞏固，且陸續傳喚相關人員，截至目前尚未對涉案人員做出強制處分。（資料照）花蓮馬太鞍溪堰塞湖9月23日溢流造成19人死亡、5人失蹤，台灣花蓮地方檢察署已完成初階段資料蒐集和證據鞏固，且陸續傳喚相關人員，截至目前尚未對涉案人員做出強制處分。截至目前救災和家園復原已告一段落，花檢加快偵辦腳步。參與專案偵辦人員今天告訴中央社記者，目前朝過失致死和廢弛職務罪偵辦，但首階段資料蒐集和證據鞏固時發現部分資料異常，不排除有偽造文書方面問題。請繼續往下閱讀...中華民國刑法規定，公務員廢弛職務釀成災害者，處3年以上10年以下有期徒刑。專案人員說，下一階段將加快偵辦腳步並陸續傳喚和約談相關人員說明，案件將由「他」字案轉「偵」字案。「他」字案主要指是否涉特定人有犯罪嫌疑，尚不明瞭的案件；「偵」字案指案件經調查後，發現有特定人可能涉嫌犯罪者。熱門賽事、球星動態不漏接    ,https://news.ltn.com.tw/news/society/breakingnews/5261975
酒駕撞2車當街「烏龜翻」 醉女自行脫困衝路旁狂吐,社會,2025/11/29 11:38,白色轎車當街翻覆。（民眾提供）台中市西屯區今（29）日清晨上演驚險翻車意外！一輛白色轎車因女駕駛酒駕，先自撞路旁汽機車後翻覆，整輛車四輪朝天宛如「烏龜翻」般橫躺在馬路上，碎裂車殼與車內物品散落一地，彷彿電影場景，讓路過民眾全看傻。事故發生在今天凌晨4時40分，地點在西屯路與安和路口附近，26歲苟姓女子當時獨自駕車沿西屯路直行，不明原因突然失控，先撞上一輛路邊停放的汽車，再擦撞一輛機車後整台翻覆，撞擊聲在寧靜街道上格外響亮，附近居民驚醒查看。請繼續往下閱讀...只見翻覆的轎車四輪高高朝天，車頂明顯受損，苟女並未受重傷，仍能自行從車內爬出，但一下車便衝到路旁狂嘔吐，警方到場後立即進行酒測，女子酒測值竟高達0.55毫克，已明顯超過法定標準值，但因其手腳有擦挫傷，已送醫治療。全案除依違反《道路交通管理處罰條例》舉發外，因酒駕達刑責標準，後續將依公共危險罪嫌移送法辦，至於詳細肇事原因由鑑定單位調查。熱門賽事、球星動態不漏接    ,https://news.ltn.com.tw/news/society/breakingnews/5261987
前黑幫副會長涉殺人潛逃印尼14年 昨押返歸案,社會,2025/11/29 11:08,潛逃印尼的我國重大通緝犯賴彥翰被押返歸案。（記者邱俊福翻攝）竹聯幫孝堂天母分會前副會長賴彥翰，26年前涉嫌率幫眾分持西瓜刀、棍棒赴台北市天母國小尋仇，當街追砍對方人馬，造成1死2傷重大案件，警方事後逮捕參與鬥毆、殺人等多人送辦後，賴男遭法院判刑11年2個月，經多次上訴仍遭判處重刑，潛逃印尼至今14年之久，期間落地生根過著隱姓埋名生活；刑事警察局國際科經與印尼執法單位合作順利逮人，昨天押返歸案。警方調查，1999年11月間，47歲賴男時任竹聯幫孝堂天母分會副會長，因旗下護法跟呂姓男子有嫌隙，得知呂男出現於天母國小後，涉嫌糾集也是護法的胞弟與大批幫眾，分持刀械、棍棒等前往尋仇，當場爆發街頭砍殺暴力事件，造成呂男遭砍45刀，流血過多送醫不治，以及2人受傷。請繼續往下閱讀...賴男涉及這起殺人案後，2000年遭法院判刑11年2個月，經他多次上訴仍遭判處重刑，賴男為避免身陷囹圄，遂於2011年3月潛逃出境，遭士林地方檢察署發布通緝，並於去年2月遭最高檢察署列為重大外逃通緝犯；據悉，同樣涉及該殺人案的賴男胞弟，同樣也潛逃境外，目前行蹤不明。賴男潛逃境外後，輾轉至印尼雅加達隱姓埋名生活，從事食材貿易生意，案經刑事局駐印尼警務聯絡組今年接獲印尼移民總局通報有可疑外籍人士情資後，經清查比對並查明該外籍人士即為賴男身分，本月26日印尼警方與移民總局等執法單位協助逮捕賴嫌，送往移民總局進行臨時羈押，昨我方派員押解回台服刑。刑事局表示，我國通緝犯為逃避法律制裁，刻意潛逃海外以規避司法警察追捕，經透過駐外警察聯絡官與境外執法單位強力合作、積極追緝，今年已從各國遣返多名通緝犯返台，將秉持跨境執法不間斷之決心，持續與境外執法單位持續合作打擊犯罪。熱門賽事、球星動態不漏接    ,https://news.ltn.com.tw/news/society/breakingnews/5261966
板殯相驗歎「美女可惜了」！ 鐵齒檢察官慘遭呼氣 當晚發高燒還夢見她,社會,2025/11/29 11:03,阿國表示，經此一遭，後來每次到板殯或任何相驗現場，他都會先在心中默默向亡者致意，表明自己是來執行公務，絕不帶有任何私人雜念。示意圖，非當事人。（資料照）男子阿國（化名）擔任菜鳥檢察官時，曾被指派跟隨前輩，處理一件發生在出租屋的命案，死者是一名年輕女子，遺體被發現時已飄出異味，是房東接獲鄰居抱怨後入內查看才報案。他回想，當時看到死者面容清秀，不禁感慨「這麼漂亮、這麼年輕，美女可惜了」，然而僅一閃而過的念頭，隨即讓他當晚發起高燒並做起噩夢。阿國回憶，當時相驗團隊抵達板橋殯儀館，在室內進行勘驗時，阿國始終保持著初生之犢的「鐵齒」心態。法醫進行初步檢查時，移開了覆蓋在遺體上的布單。由於女子面容尚未完全浮腫，看得出原本應是清秀佳人；他看著眼前的年輕女子，腦中不禁浮現了一絲念頭，「這麼漂亮、這麼年輕，就這樣死了，美女可惜了。」 他僅一閃而過的雜念，隨即繼續專注於手頭工作。請繼續往下閱讀...然而，阿國很快就感到一股極為貼近且潮濕的冰涼氣流，毫無預警地拂過他的左耳際，「那感覺就像有人將嘴巴貼在我的耳邊，非常慢、輕輕吹了一口涼氣，那個距離近到我全身的雞皮疙瘩一下豎了起來。」阿國立刻轉頭檢視四周，但並未有人靠近他，甚至解剖室的排風設備也並未朝向他這個方位。他強壓下心中的不安，將其歸結為疲勞產生的錯覺。不過，當晚回家後，阿國隨即發起高燒、全身發抖，服用了常備的退燒藥也始終莫名不舒服。更讓他驚恐的是，在半夢半醒間，他清晰地看見了那名女子輕生的完整場景；夢中，他並未看清女子的面容，僅是模糊的背影、陰影幢幢，接著他再次感受到那股熟悉的冰冷呼氣，彷彿是死者無聲的不滿與警告。隔日一早，這名向來不信邪的檢察官，在妻子的勸說下，立刻前往住家附近的廟宇。他虔誠地向神明稟報，點了平安符並祈求亡者安息，生者平安。令人嘖嘖稱奇的是，就在祭拜完畢、佩戴上平安符後，阿國的高燒竟逐漸退去，身體的不適感也得到了明顯的緩解。事後，阿國將這段難以解釋的經歷告訴了前輩。前輩聽完後則告誡，「在這種地方工作，要保持敬畏之心。千萬不要鐵齒，要記住寧可信其有，不可信其無。」從此以後，阿國每次到板殯或任何相驗現場，他都會先在心中默默向亡者致意，表明自己是來執行公務，絕不帶有任何私人雜念。熱門賽事、球星動態不漏接    ,https://news.ltn.com.tw/news/society/breakingnews/5261964
詐騙成幫派首選！暗網、虛擬幣隱匿犯罪鏈 「罰重刑」淪事後補救,社會,2025/11/29 11:02,資深檢察官指出，詐團首腦多以暗網匿名招募車手，並將基地設於海外，使犯罪鏈更為隱匿；打詐已成檢警的日常重擔，缺乏金融、電信與平台前端阻斷，再重刑罰也只能事後補救。（示意圖，資料照）相較於過去靠走私、販毒維生，如今幫派多半坐在辦公室操作電腦即可從事詐騙，利潤高、風險和刑責更低，早成首選業務。資深檢察官透露，詐團首腦多以暗網匿名招募車手，幕後主使難以追查；基地若設在海外，犯罪鏈更顯隱匿。對第一線檢警而言，打詐已從專案變成無止境的日常重擔，而刑罰亦非萬靈丹，缺乏金融、電信與平台的前端阻斷，再重的刑也只是事後補救，司法永遠跟在後面滅火。第一線檢察官指出，詐欺集團常利用虛擬貨幣、跳板IP與海外機房，使犯罪追查鏈條變得冗長且複雜，投入大量人力與時間後，追回贓款卻往往有限。為了應付不斷湧入的詐欺案件，其他重大刑案因此被迫延宕，形成嚴重的外溢效應。請繼續往下閱讀...面對詐騙橫行，輿論與立法機關最直覺的反應是「加重刑度」。近年各類詐欺罪的法定刑不斷調高，法院也逐漸傾向重判，希望藉此提升嚇阻力。不過，有資深檢察官認為，對車手的重刑，難以真正撼動詐團結構司法固然可以逮捕並重判底層車手或人頭戶提供者，但這些人多為社會弱勢，或因缺錢鋌而走險，即便重判他們，無法觸及遠在海外、掌控全局的核心成員，仍無法抵減詐團囂張的氣焰。「犯罪的邊際效益，仍遠大於成本。」檢察官分析，詐騙集團的獲利極高，而核心幹部遭逮與定罪的機率遠低於車手，對高層而言，犯罪的預期收益依舊大於風險。多名檢警認為，刑罰絕非萬靈丹，在缺乏前端阻斷的前提下，法律的嚇阻力僅是司法救濟的最後關卡；當民眾資金已被騙出、人頭帳戶已被賣出，後端的重刑只能處理「結果」。若無金融、電信、數位平台等前端即時阻斷機制，司法永遠只能在後端疲於奔命。熱門賽事、球星動態不漏接    ,https://news.ltn.com.tw/news/society/breakingnews/5261932
保外就醫惡男專挑應召女 強盜、強姦、白嫖、拍裸照樣樣來 檢建請從重量刑,社會,2025/11/29 10:56,41歲男子江昱賢因案判刑11年10月，為保外就醫受刑人，原本應於今年6月3日返監服刑，卻未依期限報到，6月20住宿桃園市某汽車旅館，假意要找應召女，結果強盜又強姦，隔日食髓知味，對另名應召女白嫖後又搶劫，還拍裸照恐嚇不得報警，2被害人報案，檢警偵辦，檢方除以強盜、強制性交等罪起訴，認為江男惡行難除、犯後態度惡劣，建請桃園地方法院從重量刑，以資警惕。檢警調查，江姓男子於6月20日晚間10點40分左右，前往桃園市某汽車旅館投宿，隔日清晨找來應召女（甲女）性交易，未料甲女進入房間後，江男拿出美工刀威脅她，還用毛巾及碎布條捆綁其手腳，命甲女交出提款卡、手機，甲女說出提款卡及手機密碼，江男並未將甲女鬆綁，反而先至浴室泡澡，泡完澡後又以開美工刀要脅甲女脫掉衣服後強姦得逞，江男同時以手機拍攝對甲女性侵過程之照片及錄影，江男於21日清晨離開汽車旅館後，隨即用甲女提款卡提款3萬1000元。請繼續往下閱讀...江男食髓知味後，6月21日晚間8點30分許，先至小北百貨購買童軍繩、束帶等物，再於晚間9點前往位某汽車旅館，找來應召女（乙女），未料江男在完成性交易後，以美工刀脅迫乙女，並以童軍繩綁住其手腳，以手機攝錄乙女身體裸露照片，並恐嚇「若報警的話，將散布前開拍攝之裸照」，還搶劫乙女證件及現金2萬1000元；2女於事發後向警方報案。江男辯稱與甲女共謀詐取「皮條客」財物，綑綁只是做戲而已，但檢察官查出，江男與皮條客都無對話紀錄，且江男否認強盜甲女提款卡，但事後江男有提領紀錄；至於乙女部分，江男宣稱沒有脅迫，但現場查獲美工刀，且江男事先購買童軍繩、束帶，顯有預謀。檢察官認為，江男對甲女所為攜帶兇器強盜而強制性交罪嫌，對乙女則分別觸犯強盜、強暴方式拍攝性影像罪嫌，上開3罪間，犯意個別、行為互殊，請予分論併罰，考量江男是保外就醫逾期未返獄所，甚至事前備有兇器，行徑惡劣，建請法官從重量刑，以資警惕。熱門賽事、球星動態不漏接    ,https://news.ltn.com.tw/news/society/breakingnews/5261943
討厭被叫「小姐」？ 當眾朝台鐵站務員怒潑飲料 女乘客判罰5000元,社會,2025/11/29 10:54,法官依公然侮物罪判女乘客罰金5000元，可上訴。（資料照）台中地院近日審結一樁離譜的車站衝突案，一名女乘客僅因不滿台鐵站務員稱呼她「小姐」，竟在眾目睽睽下拿起手上的飲料朝對方潑去，法官認定她此舉不僅造成站務員受辱，也影響執勤形象，最終依公然侮辱罪判處罰金5000元，全案仍可上訴。這起事件發生在今年6月5日下午，地點在台中火車站，當時這名女乘客使用電子票證準備進站，但驗票立桿亮起紅燈，顯示刷卡異常，台鐵站務員上前提醒，並以慣常且禮貌方式喚了一聲：「小姐，請等一下，我幫您確認一下。」請繼續往下閱讀...沒想到這句再普通不過的稱呼，竟瞬間引爆衝突，女子不僅沒有回應，反而怒氣全開，突然從包包裡抓起一瓶裝有不明液體的飲料，毫無預警往站務員胸口與制服潑下，液體四濺，站務員當場愣住，周遭旅客也驚呼不已，站務員隨即報警，並向鐵路警察局提出告訴。事後女乘客在檢方詢問時全盤否認，還反指「站務員沒事找事做」、「我刷卡成功，是她來煩我」，並強調自己「非常討厭被叫小姐」，然而檢警調閱車站監視器後，發現女子潑灑飲料行為明確，站務員亦清楚說明過程，女子說法難以採信。法官審理後指出，當眾被潑飲料依一般社會觀念已屬羞辱，更何況站務員正值執勤時刻，制服遭飲料浸濕後，不僅形象受損，也讓她在眾人面前陷入尷尬與受辱處境，足以損害其人格尊嚴與社會評價，認定女子是以具體行動表達輕蔑與不滿，已逾越社會可容忍範圍，構成公然侮辱罪，因此裁處罰金5000元。熱門賽事、球星動態不漏接    ,https://news.ltn.com.tw/news/society/breakingnews/5261952
海大馬籍男大生K歌無辜遭刺死  母獲判賠318萬台幣、3.7萬馬幣,社會,2025/11/29 10:45,國立海大馬來西亞籍陳姓留學生前年K歌無辜遭陳志鴻持刀刺死，民事庭法官判陳志鴻須賠償陳姓留學生的母親台幣318萬餘元。（資料照）國立海洋大學馬來西亞籍陳姓留學生前年11月在基隆市與友人K歌無辜遭陳志鴻刺死案，二審高等法院去年12月維持原判，重判陳志鴻11年徒刑。陳姓留學生的母親提告向陳志鴻求償包括喪葬費、精神慰撫金等民事損害賠償。基隆地院審理認為，陳母省吃儉用供兒子來台灣留學，原期待兒子學成歸國能共享天倫，卻突然遭此不幸，悲痛難抑，判陳志鴻須賠償陳母台幣318萬餘元、馬幣3萬餘元。判決指出，23歲馬籍陳生就讀海大海洋環境資訊系3年級，2023年11月14日晚上與同學到基隆市一家KTV飲酒唱歌；陳志鴻與張姓、許姓等10名友人則在另一間包廂飲酒歡唱，張、許酒後在走道上互推，不慎撞進陳姓男大生的包廂內，張、許2人不斷道歉，並未發生衝突。請繼續往下閱讀...隔天凌晨4時許，雙方人馬結帳離去後，陳姓男大生與顏姓友人走到愛三騎樓時，巧遇陳志鴻與林姓友人在等紅綠燈，雙方再度為了稍早誤闖包廂事件發生口角。陳志鴻突然掏出折疊刀，朝陳男右大腿內側猛刺1刀，傷及股動脈，顏男左大腿外側也遭刺傷1刀。陳男送醫急救3天後，因右股動脈橫斷、大量出血，低血容性休克，致多重器官衰竭死亡。基隆地院認為，陳志鴻素行不佳，不僅隨身攜帶刀械，遇事不思控制自己脾氣，進而暴戾持刀傷害致死及傷害另一人，犯罪情節惡劣且重大，依傷害致人於死罪，判處11年徒刑。二審高等法院去年12月駁回上訴，仍判11年徒刑。得上訴。陳姓留學生的母親提起刑事附帶民事訴訟，向陳志鴻求償包括喪葬費、精神慰撫金台幣356萬7300元與馬幣3萬7600元。基隆地院審理認為，陳母省吃儉用供兒子來台灣留學，原期待兒子學成歸國能共享天倫，卻突然遭此不幸，悲痛難抑，判陳志鴻須賠償陳母台幣318萬餘元、馬幣3萬7600元。熱門賽事、球星動態不漏接    ,https://news.ltn.com.tw/news/society/breakingnews/5261939
高雄鳳山火警 2人送醫,社會,2025/11/29 10:40,鳳山區一棟2樓透天厝今天上午發生火警，消防人員據報到場撲滅火勢。（記者陳文嬋攝）首次上稿 08:37更新時間 10:40（內文更新）高雄市鳳山區一棟透天厝今天上午發生火警，高姓老婦的外勞受困2樓陽台窗戶呼救，消防人員架梯將她救出，連同將高姓婦人送醫；消防局初步認定起火點在神明桌，起火原因仍待火災調查鑑定。請繼續往下閱讀...鳳山區文龍東路一棟2樓透天厝今天上午發生火警，消防局接獲民眾通報後，出動鳳山等多個消防分隊，大批人車到場撲滅火勢。現場1樓屋內起火燃燒，住有86歲高婦及30多歲外勞，其中外勞受困2樓後面陽台窗戶呼救，鄰居聽聞求救聲，趕緊通報消防隊救人。消防人員從1樓架梯，上到2樓陽台，協助外勞脫困，高婦則從1樓後方，步出屋外逃生，2人意識清楚，救護人員協助2人送醫。消防局認定起火點在神明桌，除了神明燈外，還放有一疊金紙，現場燃燒雜物，起火原因仍待火災調查鑑定。鳳山區一棟2樓透天厝今天上午發生火警，消防人員據報到場撲滅火勢。（記者陳文嬋攝）鳳山區一棟2樓透天厝今天上午發生火警，消防人員據報到場撲滅火勢。（記者陳文嬋攝）熱門賽事、球星動態不漏接    ,https://news.ltn.com.tw/news/society/breakingnews/5261845
色主管要求女部屬加班 假好心幫刮痧「四根手指」卻不乖,社會,2025/11/29 10:35,郭姓領班假意幫女下屬刮痧解疲勞，「四根手指」卻不乖襲胸。示意圖（資料照）任職小港區某公司領班的郭姓男子，要求女部屬留下加班，再藉強行刮痧、拔罐去疲勞之際，在貨櫃屋內涉嫌伸出四根手指撫摸她胸部，被法官依強制猥褻罪判徒刑1年2月，女下屬另提告求償100萬元，法官也判郭男應賠25萬元。判決指出，2023年2月6日下午5點40分，郭男先以加班名義將小美（化名）留下後，再假藉替她身體進行刮痧、拔罐為由，要求與其進入工廠貨櫃屋休息室後偷偷上鎖。小美礙對方是主管身分，勉為其難接受刮痧、拔罐後，竟被拉開上衣至露出肩膀位置，雙乳遭他伸出「四根手指」撫摸數分鐘。請繼續往下閱讀...小美受辱後報警，一、二審法院審理時，郭男都否認襲胸，辯稱是小美要求幫她刮痧、拔罐，但小美拿出郭男事後的道歉訊息，直指郭男向她認錯說：「對不起」、「賢哥錯了」、「讓妳委屈了」、「賢哥對妳的傷害，不敢請求諒解」，但郭男仍不鬆口，堅稱只是想安撫他息事寧人，不代表認錯。法官不採信郭男說詞，依強制猥褻罪判徒刑1年2月，郭女另提民事求償100萬元，高雄地方法院審理時，郭男還是不認罪，法官發現，小美受辱後經診治確定罹患創傷壓力症候群，考量郭男犯後始終否認犯行、藉詞卸責，毫無悔意，迄今亦未有任何積極彌補舉措，犯後態度不佳，因此判他應賠25萬元，可上訴。熱門賽事、球星動態不漏接    ,https://news.ltn.com.tw/news/society/breakingnews/5261934
指導男子以含FM2安眠藥迷昏雞姦同住男 台東男判刑3年半,社會,2025/11/29 10:24,台東地方法院。（記者黃明堂攝）北部1名男子心儀同住的另名男子，想發生性關係卻不知如何下手，經台東劉姓男子竟以LINE通訊軟體指導，他至身心科就診領取含FM2成份的處方安眠藥品迷昏後如願性侵，被判刑1月10月。技術指導的劉姓男子被依教唆以藥劑犯強制猥褻罪，判刑更重，被台東地方法院判刑3年半。判決書指出，劉姓男子在工地打工時，得知某男欲與同住的男子發生性關係，竟基於教唆以藥劑為強制猥褻之犯意，以LINE通訊軟體建議他可至身心科就診領取處方藥品，內含俗稱FM2的第三級毒品。某男依其建議，到精神科診所就診，經醫師開立處方箋而取得內含FM2成分之安眠藥7顆，在新北市板橋區某租屋處，趁機將2顆摻入湯品及飲料，對方因藥效發作陷入昏睡，某男肛交得逞。請繼續往下閱讀...犯性侵案的男子依違反毒品危害防制條例等罪判刑1年10月，但檢警追查FM2毒品來源，查出台東劉姓男子從中指導，劉男坦承要教他，但否認教唆以藥劑犯強制猥褻之犯行，僅是隨口說說的，並無教唆之故意。但法官認為他的說法已影響他人意志之行為，即屬刑法第29條第1項之教唆犯，且劉男在這件性侵案案過程中還以LINE詢問下藥成果，非僅止於「說說」或是「開玩笑」，有教唆之故意甚明。熱門賽事、球星動態不漏接    ,https://news.ltn.com.tw/news/society/breakingnews/5261894
高雄情侶台中掉皮夾不夠油錢 暖警千元救急「這句話」網推爆,社會,2025/11/29 10:19,台中市六分局工業派出所警員陳弘瑋（右）。（警方提供）一對情侶日前騎機車到台中，超商購物後準備騎回高雄，卻發現皮夾不見了只好向警方求助，警員陳弘瑋得知他們可能連油錢都不夠，毫不猶豫從口袋掏出1000元塞進對方手裡，只淡淡說了一句：「不用還，如果真的想回饋就捐給弱勢吧。」暖心互動後來被情侶PO上網，網友瞬間推爆，直呼「這警察太暖了吧！」。據了解，林姓男子26日騎機車載女友從高雄北上到台中面交物品，當晚在西屯區一家超商購物完，準備騎回高雄時卻驚覺皮夾不見了！裡面不只放著身分證與重要證件，更包含返家所需現金，無計可施兩人只好走進第六分局工業區派出所求助。請繼續往下閱讀...當時值班警員陳弘瑋受理後，立即著手調閱監視器畫面，處理告一段落後注意到情侶站在機車旁發呆，眉毛皺成「倒八字」，一問才知道真正麻煩來了，林男沒開過網銀、沒帶現金、皮夾又不見，甚至可能連油錢都不夠騎回高雄！林男苦笑說：「應該……盡量撐撐看吧。」聽到這句話，陳員直接掏出1000元塞進他手裡：「不用還我，如果真的想回饋，可以幫我捐給弱勢團體。」林男愣住，急忙想交換電話或帳號日後歸還，但陳員笑著擺手：「不用不用啦，你們路上小心就好。」林男與女友返家後越想越感受到這份暖意，特地在臉書社團發文大力感謝，形容陳員「熱心、大愛又有耐性」，還寫下「在這寒冷夜裡，被暖心的太陽照亮。」貼文一出立刻引起網友狂推，不少人留言表示「這警察太暖了吧！」、「還有這種人，世界很可以」。陳員資助千元供遺失皮夾的林男返家，被其女友拍下背影在臉書社團發感謝文。（警方提供）熱門賽事、球星動態不漏接    ,https://news.ltn.com.tw/news/society/breakingnews/5261921
LINE被前女友封鎖  高雄男花「1元」突破,社會,2025/11/29 10:18,高雄男阿明（化名）用1元成功突破前女友封鎖，表達自己的心意。示意圖。（記者黃佳琳攝）高雄男子阿明（化名）和女友小花（化名）分手後，阿明一直想挽回並釐清分手原因，但LINE被封鎖、電話被拉黑，阿明無法與小花取得連絡，阿明心生一招，多次以金融帳戶轉帳1元，並於交易備註欄留言，成功將自己的心意告知小花，但無奈小花還是不搭理他，還報警阻止他繼續騷擾行為，法官也依違反跟騷法判徒刑2月，得易科罰金。判決指出，今年5月，阿明跟小花分手後，阿明覺得小花一直沒有把話說清楚，讓他不知道分手原因，加上自己也一直惦記著小花，不願與她分手，因此阿明試著傳LINE和打電話給小花，但LINE被封鎖、電話被拉黑，無法與小花取得連絡。請繼續往下閱讀...阿明從5月20日至6月7日，多次以金融帳戶轉帳1元，並於交易備註欄留言方式，對小花傳送文字訊息，成功將自己的心意告知小花，但小花冷處理，阿明無從得知對方心意，只好又於6月1日、8日，兩度前往小花位於高雄市大寮區住處信箱，投遞5封、3封信件，甚至跑到教會，在小花的機車上擺放1袋零食及3封信件。小花不堪阿明持續騷擾，只好報警求援，高雄地方法院審理時，阿明坦承犯行，法官認定犯行明確，依違反跟騷法判徒刑2月，得易科罰金，可上訴。熱門賽事、球星動態不漏接    ,https://news.ltn.com.tw/news/society/breakingnews/5261891
汽車業務兼差當車手 面交70萬元判關1年7個月,社會,2025/11/29 10:07,汽車業務兼職當車手，面交70萬元被逮需關1年7個月。（資料照）羅姓男子原本擔任汽車業務，但羅男於2024年6月加入某詐騙集團擔任車手，該詐騙集團以假投資獲利手法行騙，一名徐姓婦人受話術所騙上當，與假冒成投資公司成員的車手羅男面交70萬元，後來徐婦察覺受騙報警，羅男也被逮捕，苗栗地院法官審理後，近期依三人以上共同詐欺取財罪判處羅男有期徒刑1年7個月。羅男所屬的詐騙集團在臉書FB上張貼假股票投資廣告，等待被害人點擊動心後，再邀請被害人加入通訊軟體LINE群組，徐婦上當後與該詐騙集團約在苗栗縣一處連鎖咖啡店面交70萬「投資」款項，擔任車手的羅男前往取走70萬元後，則將現金放置於附近一處公園由其他詐騙集團成員取走。請繼續往下閱讀...徐婦後來發現遭假投資詐騙向警方報案，警方循線逮捕羅男，羅男坦承犯行並稱患有重聽不過此案尚未領到報酬，該詐騙集團採取月結方式給錢。法官考量，羅男不思透過正常途徑獲取財物，僅因貪圖報酬利益，擔任此案車手，且隱匿詐欺所得去向，嚴重損害財產交易安全及社會經濟秩序，對被害人財產及社會秩序產生重大侵害，應予非難。羅男迄今尚未與徐婦達成和解，亦未賠償。但羅男於偵查及審理時均坦承犯行，犯後態度尚可，符合新修正洗錢防制法第23條第3項前段自白減刑規定，且羅男為聽命行事、不具主導或發言權、尚未領有報酬等。故判處有期徒刑1年7個月。熱門賽事、球星動態不漏接    ,https://news.ltn.com.tw/news/society/breakingnews/5261927
中山高離奇事故  自小客車「掉寶」竟是活生生的人,社會,2025/11/29 10:04,一名身分不詳的男子從行駛在高速公路上的自小客車上摔落，警獲報急追身分。（民眾提供）國道中山高楠梓路段傳出一起離奇事故，一名身分不詳的男子從自小客車後座掉落，差點被後方車輛撞上，該名男子摔落車道後，自行爬起離開現場，至於是睡到一半不小心摔車還是涉及綁架等刑案，國道警方已介入調查中。警方指出，有民眾28日在社群網站上PO出一段影片，畫面顯示，1部自小客車（車號不詳）行駛於國道1號北向353.7公里外側車道，車內後座突然摔出1名男子，該名男子在車道上滾了幾圈後，自行爬起穿越國道離開，而該輛自小客車也沒有停車或回頭找人。請繼續往下閱讀...由於男子摔落時，後方車輛即時閃避，讓該名男子幸運撿回一命，警方表示，將調閱CCTV影像追查該自小客車車主到案說明，俟查證後如有違反交通法規，依法可開罰3千至1萬8千元罰單，若有涉及公共危險部分亦將依法偵辦。熱門賽事、球星動態不漏接    ,https://news.ltn.com.tw/news/society/breakingnews/5261900
國立大學生誤會工讀金被扣 千人群組傳訊恐嚇下場曝光,社會,2025/11/29 09:52,國立大學洪姓學生誤以為工讀金遭陳姓同學無故扣住不發放，在Line通訊群組傳恐嚇訊息，嘉義地方法院一審依犯恐嚇危害安全罪，判決洪某拘役30天，緩刑2年。（資料照）某國立大學洪姓學生誤以為工讀金遭陳姓同學無故扣住不發放，在有1062人Line通訊群組，以暱稱傳訊息「他死定了」等字句發洩，陳姓同學嚇得報警提告，經嘉義地檢署偵查起訴，嘉義地方法院一審依犯恐嚇危害安全罪，判決洪某拘役30天，緩刑2年。陳某控訴，洪某今年6月20日在有千人的大群組傳訊息包含「他死定了」、「你看到訊息的時候你的死期不遠了」、「請小心走過理工大樓的時候，當心看一下周圍」、「誰自願當勇者，取走某人性命，獎金100000」等，讓他心生畏懼，產生危害安全事情。請繼續往下閱讀...洪某坦承犯行說，因工讀金無故被扣，心生不滿，而用手機傳這些訊息。法官審酌，洪某尚在念大學，且已與陳某達成和解並已給付和解金，確有悔意，判處拘役30天，緩刑2年，緩刑期間付保護管束，提供60小時義務勞務及接受法治教育，全案可上訴。熱門賽事、球星動態不漏接    ,https://news.ltn.com.tw/news/society/breakingnews/5261902
老婆外遇獲償167萬「和解金」 綠帽夫再索賠50萬敗訴,社會,2025/11/29 09:32,妻偷吃蕭姓男子獲賠167萬婚外情「和解金」後，再提告向蕭求償50萬元精神慰撫金。基隆地院審理後，認為江男獲賠167萬元，已足夠填補他的損害，判江敗訴。示意圖。（資料照）江姓人夫不知愛妻偷吃蕭姓男子，還是蕭妻查看2人手機後意外發現，才知自己戴了綠帽，經約對方談判如何解決，獲賠167萬婚外情「和解金」後，越想越不甘，再提告向蕭求償50萬元精神慰撫金。基隆地院審理後，認為江男獲賠167萬元，已足夠填補他的損害，判江敗訴。江姓男子控訴，他與妻子婚後不知妻子與蕭姓男子有婚外情，直到2年前5月間接到蕭男妻子電話才知自己戴綠帽，對妻子背叛婚姻無法忍受，當晚約出蕭男、蕭妻談判如何解決，蕭當晚即同意賠償他損害，支付他167萬元。隔天，即與妻子協議離婚，他與妻子多年婚姻也畫上句點。請繼續往下閱讀...不過，江主張他與妻子離婚後，越想越不甘，認為蕭偷吃妻子，害他與妻子離婚，侵害他配偶權，讓他走不出婚變傷痛，再向法院提告獲賠167萬仍不夠，向蕭索賠50萬元精神慰撫金。法院審理時，蕭稱，他已賠償江男167萬元，並與江和解，江再向他索賠50萬元，求償金額過高，他無法接受。法官審理後認為，認為江男獲賠167萬元，已足夠填補他的損害，江在獲賠167萬元後，再向蕭請求50萬元精神慰撫金，無理由，判江男敗訴，駁回江男請求。熱門賽事、球星動態不漏接    ,https://news.ltn.com.tw/news/society/breakingnews/5261892
訓練不是假的！台南役男防災實力在全國證明了,社會,2025/11/29 09:20,全國「替代役防救災協作競賽」，南市代表隊應對沈穩與熟練迅速。（南市民政局提供）內政部替代役暨社會韌性訓練執行中心舉行今年度「替代役防救災協作競賽」，全國 23 支隊伍同場較量，從避難收容到物資整備、緊急救護、災民撤離，全都要在限時內闖關。南市代表隊靠著平時累積的實力，一路穩穩發揮，最後拿下全國第3名，為南市替代役戰功績。今年競賽情境模擬強烈颱風「艾濠」來襲，暴潮、豪雨、災民大量撤離等狀況接連發生，役男必須在高壓下做出正確判斷並保持團隊步調一致。台南隊在帳棚搭設、緊急處置及災民管制等關卡都相當俐落，默契好到讓評審直呼「有練過」。請繼續往下閱讀...市長黃偉哲也替這群努力的役男拍手。他說，極端氣候越來越常見，防救災能力已是每座城市不可少的基礎。台南隊能在全國賽中站上頒獎舞台，不只展現替代役的價值，也證明南市役男訓練紮實、關鍵時刻靠得住。他鼓勵役男持續增強技能，未來不管在哪個崗位，都能成為讓城市更安全的力量。民政局長姜淋煌為役男們暖心打氣。他表示，市府一直把替代役視為防災體系裡的重要成員，從訓練到演練都不斷精進。這次得獎是所有役政同仁與役男共同拼出的成果，也代表台南面對災害時更具底氣。他期待役男把這份熱忱帶回各服務單位，持續在社區中發揮影響力。內政部「替代役防救災協作競賽」，南市代表隊勇奪全國第3名。（南市民政局提供）熱門賽事、球星動態不漏接    ,https://news.ltn.com.tw/news/society/breakingnews/5261859
迷途老婦街頭痛哭   警巧用「街景模式」助她找到家,社會,2025/11/29 09:17,警員陳宗煜（左）、陳柏鈞（右）（記者劉慶侯翻攝）一名八旬老婦疑因失智，找不到家蜷縮在巷弄哭泣，警方據報到場，開啟「街景模式」，將老婦的零碎記憶進行逐幀拚湊，終於幫助對方找到回家的路。警方表示，日前清晨，一名八旬老婦獨自坐在路旁瑟縮哭泣，口中反覆呢喃著「我…我家呢？」。晨跑的路人發現後急忙報警。請繼續往下閱讀...北市警察局中正第二分局南昌路派出所警員陳宗煜、陳柏鈞到場時，只見老婦人神情恍惚、語句破碎，連自己住在哪一區都無法說清。面對近乎沒有的記憶老婦，員警靈機一動，開啟「Google 街景」模式，像偵探般根據老婦人零碎的詞句「前面有佛堂」、「旁邊有個藍色招牌」警方立即循線鎖定可能位置，不放棄任何線索，逐格帶著她「逛街」回憶。當畫面滑到某個轉角時，老婦人突然情緒激動：「對！我家在這！」於此同時，警方加緊查詢身分，確認正確住址後，成功聯繫上家屬。員警將驚魂未定的老婦人平安送返家門，讓家屬激動萬分，頻頻向警方致謝。熱門賽事、球星動態不漏接    ,https://news.ltn.com.tw/news/society/breakingnews/5261858
慣竊闖民宅、汽車修理廠行竊 連監視器主機也偷,社會,2025/11/29 09:13,慣竊闖民宅、汽車修理廠行竊，連監視器主機也偷。（資料照）苗栗縣劉姓男子曾因竊盜罪入獄，但劉男今年2月份出獄後仍「重操舊業」，劉男於今年4月底3天內2度犯案，分別侵入被害人住宅、汽車修理廠辦公室，偷走現金、金項鍊、提款卡、充電器、後背包以及監視器主機，劉男後來被捕，苗栗地院法官審理後，近期依加重竊盜罪判處劉男應執行有期徒刑1年3個月，劉男另犯犯非法由自動付款設備取財罪，判處有期徒刑3個月如易科罰金，以1000元折算1日。劉男出獄約2個月後，先與暱稱「阿朋」及真實姓名不詳成年男子，破壞苗栗縣頭屋鄉一處民宅窗戶後進屋，搜刮現金1600元、充電器、後背包，甚至連監視器主機也偷搬走。請繼續往下閱讀...劉男2天後手持鉗子破壞一處汽修廠鐵窗後闖入，偷走現金5.6萬元、價值15萬元金手鍊1條、價值8萬元金項鍊1條、農會金融卡1張後離去；劉男更持金融卡跑到新竹縣寶山鄉一處提款機領走8.3萬。法官考量劉男有多次竊盜前科，不過犯後與被害人達成和解，依加重竊盜罪判刑，合併須執行有期徒刑1年3個月，另外劉男持提款卡盜領現金則判處有期徒刑3個月，可易科罰金。熱門賽事、球星動態不漏接    ,https://news.ltn.com.tw/news/society/breakingnews/5261875
高雄男子酒後失控毆打商辦大樓員工3人全掛彩,社會,2025/11/29 09:03,高雄周姓男子酒後失控毆打商辦大樓員工3人全掛彩，他疑因酒醉躺在地上休息。（民眾提供）新興分局中山派出所於今（29）日清晨5時15分許，在大同一路執行巡邏勤務時，發現某商業大樓前有民眾發生爭執拉扯，52歲周姓男子酒後將2名大樓的工作人員毆打成傷，警方管束周男並協助傷者送醫。警方表示，3人事後均表示不提出傷害告訴，警方仍依《社會秩序維護法》第87條「互相鬥毆」偵訊後，函請高雄地方法院簡易庭裁處。請繼續往下閱讀...快打部隊也到場支援，迅速將衝突雙方區隔，警方調查，周男（52歲）酒後因不願搭乘已安排的計程車離開，與負責指揮調度的工作人員吳男（54歲）及林男（28歲）發生口角，周男疑似因酒意失控，率先徒手攻擊吳男與林男，引發相互拉扯衝突。雙方拉扯過程中，造成周男臉部挫傷，吳男與林男臉部也有擦挫傷，警方見周男情緒激動先管束並協助送醫，後續將吳、林二人帶返派出所釐清案情。3人均表示不提出傷害告訴，全案依《社會秩序維護法》第87條「互相鬥毆」偵訊後，將函請高雄地方法院簡易庭裁處，新興分局嚴正強調，絕不容許酒後違法脫序行為影響社會秩序。熱門賽事、球星動態不漏接    ,https://news.ltn.com.tw/news/society/breakingnews/5261854
公園鬥毆3人受傷 高雄警法辦4人,社會,2025/11/29 08:59,高雄驚傳公園鬥毆3人受傷，警方以殺人未遂等罪嫌法辦4人。（讀者提供）高雄市仁武區今天凌晨驚傳公園鬥毆案件，起因是朋友間口角糾紛引發肢體衝突，導致3人受傷，被吵醒的社區居民趕緊報案；警方查獲疑似犯案工具折疊刀，依殺人未遂、妨害秩序、傷害罪嫌法辦4人。警方指出，案發在仁武區慈惠三路的公園，員警獲報到場時，動手的27歲楊姓男子、20歲李姓男子、25歲吳姓男子、23歲歐姓男子已逃離現場，受傷的23歲高姓男子、19歲單姓男子由救護車送醫，19歲龔姓男子自行就醫，3人傷勢均無礙。請繼續往下閱讀...警方漏夜將涉案4嫌全數查緝到案，並查獲折疊刀，依妨害秩序、傷害、殺人未遂等罪嫌移送偵辦。警方查獲折疊刀。（讀者提供）熱門賽事、球星動態不漏接    ,https://news.ltn.com.tw/news/society/breakingnews/5261849
強化青少年法治意識 士林分署「仿真拍賣」教識詐防毒,社會,2025/11/29 08:49,士林分署在南港高工舉辦「動產仿真拍賣會」，讓學生扮演拍賣官與競標者，親身體驗動產競標程序。（記者劉詠韻翻攝）為強化青少年對反毒、防詐的警覺與法治意識，法務部行政執行署士林分署昨至南港高工舉行「校園反毒．防詐暨仿真拍賣」宣導，並特別以劇場短劇、拍賣模擬結合法治教育，引導學生建立正確法治觀念。士林分署長吳廣莉表示，期待透過更貼近校園的方式，讓青年提升自我保護能力，同時更理解行政執行機關的實務運作。士林分署指出，活動以同仁自編自演的短劇〈假拍賣‧真詐騙〉揭開序幕，劇情以輕鬆幽默、貼近日常的方式呈現常見拍賣詐欺手法，帶領學生拆解詐騙套路、掌握識詐關鍵。現場反應熱烈，不少學生驚訝表示「原來詐騙也會偽裝成拍賣形式」，對生動劇情留下深刻印象；接著則由行政執行官以「守護青春、遠離毒害」為題，說明毒品偽裝的常見方式、辨識重點與拒毒技巧，協助學生建立正確防毒觀念。請繼續往下閱讀...其中，壓軸的「動產仿真拍賣會」最受學生期待，流程全程比照「123聯合拍賣會」，讓學生親自擔任拍賣官與競標者，體驗動產拍賣實況。透過角色扮演與操作練習，學生在寓教於樂中感受拍賣緊張與趣味，讓抽象的法律程序變得具體易懂。南港高工師生表示，課程兼具知識性、實用性與娛樂性，是少見的深度法治教育活動。士林分署表示，未來將持續深化校園法治教育，擴大與學校合作，讓更多青年具備辨識風險與應對能力，共同打造安全無虞的成長環境。士林分署吳廣莉分署長（右四）與南港高工蕭為康校長（左四）偕同同仁共辦「反毒．防詐」宣導活動。（記者劉詠韻翻攝）熱門賽事、球星動態不漏接    ,https://news.ltn.com.tw/news/society/breakingnews/5261847
色膽包天！超商連續伸狼爪猥褻妙齡女 豬哥男判刑6月,社會,2025/11/29 08:43,王姓男子在超商連續猥褻妙齡女子，遭判處6月徒刑，得易科18萬元罰金。示意圖。（資料照）王姓男子去年4月間在基隆市信義區一家便利超商購物，見妙齡女子小翠（化名）在結帳時，先伸雙手摸小翠的腰部，又在超商外吸菸區抽菸時，強拉小翠衣服，致小翠跌坐在他大腿上，續以雙手環抱她腰部，再將臉靠在她背上，手搓揉小翠的腹部，猥褻得逞。基隆地院審結依王男犯強制猥褻罪判處6月徒刑，得易科18萬元罰金。小翠指控，去年4月間某日晚上6點多，她到基隆市信義區一家便利超商購物，王在她結帳時，站在她背後，突然伸雙手摸她腰部，讓她來不及抗拒；約1小時後，她到超商外抽菸，見王男坐在吸菸區抽菸，王竟輕薄地說，要她坐在他大腿上，她不予理會後，王竟從她背後強拉她衣服，害她一時重心不穩，跌坐在王男大腿上。請繼續往下閱讀...小翠說，當時她要起身表達不滿，王硬拉她坐在他大腿上，還伸手環抱她的腹部，不讓她起身，接著把臉靠在她背上，還伸手搓她腹部，猥褻她得逞，她掙脫王後報案。警方獲報調閱超商內、外監視器後，將王男依法送辦。基隆地檢署調查後，認定王男涉犯性騷擾防治法與強制猥褻等罪起訴。法院審理時，王男認罪，小翠也撤回王性騷擾她的告訴，法院依王男犯強制猥褻罪判處6月徒刑，得易科18萬元罰金。熱門賽事、球星動態不漏接    ,https://news.ltn.com.tw/news/society/breakingnews/5261843
雲林男子阿布達比轉機遭扣留5天 妻親曝心路歷程,社會,2025/11/29 08:09,陳男昨日終於獲釋。（ 陳妻提供）雲林陳姓夫妻跟團旅行，在杜拜阿布達比轉機，66歲陳男被當地警察帶走，台灣時間28日凌晨6點終於平安獲釋，他疑與不認識的嫌犯同名同姓才被誤抓。對此，陳妻透露自己這幾天遭遇及內心情緒，更是痛批阿提哈德航空與阿布達比機場處理態度「完全不負責」。陳妻先表示，事件發生後多次向駐外辦事處與外交部詢問案情，但始終得不到原因，也無從得知丈夫為何被帶走。整起事件旅程跨越多個地點，卻一直被告知要等待。直到28日凌晨先生終於獲釋並與她通話，向她說明杜拜警察局表明他可以先離開6天，12月3日再返回報到，屆時就能拿到護照等相關物品。請繼續往下閱讀...陳妻疑惑，當時先生沒護照，只有一支快沒電的手機，更身無分文，就算投宿也沒有文件可證明，不解警方奇怪的處理方式，不過當時接到丈夫電話時感到高興，難過的是，先生不知如何安置，因此她和駐杜拜辦事處長通話，感謝他立刻開車載先生到住家安置，願意這幾天讓他暫居，更願意下週三陪先生到杜拜警局了解案情。陳妻表示，先生5天內被帶往4到5個不同地點，但每次警方詢問只有3至5分鐘，也問不出什麼，等到辦事處人員向家屬告知「已進入司法程序」，需要聘請當地律師方才能了解案情，辦事處提供了一份律師名單，但內容分類繁雜、費用不明，全都要家屬自行與律師談。陳妻表示，如果她要和丈夫見面，照當地規定需提供結婚證明書並申請簽證，不過申請簽證等待時間至少要5天，且結婚證明還要回台申請，令原想立刻終止旅程飛往杜拜的她，面臨極大壓力，不知如何幫助先生，更感受到「彷彿所有程序都在阻擋進入杜拜」。陳妻表示說，幸好有立法院長韓國瑜等人來電，並主動協助律師相關事宜，讓她放下心中重石，也感謝旅行團30位團員、領隊、教會朋友，更感謝媒體大量報導，才讓丈夫被拘留5天後獲釋。陳妻表示「對阿提哈德航空感到非常失望」，當丈夫在空橋被抓走後，公司與地勤完全沒任何說明、協助，而關於武裝警察的行為，暫不多談，但一個國家應該保護旅客，但在眾目睽睽下把先生帶走，至今說不出理由，等到與丈夫返台後，希望媒體與立委能協助查明真相。熱門賽事、球星動態不漏接    ,https://news.ltn.com.tw/news/society/breakingnews/5261829
加籍牙醫來台消女奶 整形女醫師「徒手」換藥判賠175萬,社會,2025/11/29 07:39,男性女乳症示意圖，非當事人。（光田醫院提供）加拿大籍黃姓牙醫跨海找台南某醫院整形外科女醫師消女乳，但黃男返國後罹患糞腸球菌感染性心內膜炎，指控女醫師徒替傷口換藥等過失，求償1875萬元，二審認定醫療過失與感染有關，最後判賠175萬2015元。黃姓牙醫為改善疤痕，2016年到醫院整形外科，找女醫師施作腹部拉皮、男性女乳抽脂與腹壁膿瘍切除縫合，同年12月底與隔年1月又兩度清創植皮，出院前由醫護人員持續換藥與追蹤傷口。請繼續往下閱讀...不過黃男返國後出現高燒與意識混亂，送加國醫院治療，確診糞腸球菌感染性心內膜炎，所以主張手術處理不當，指控女醫師未先穩定腹壁膿瘍與採集細菌培養，就同時進行拉皮與抽脂等美容手術，還在多張術後照片中被拍到沒戴手套直接接觸腹部傷口，違反手部衛生指引，不符醫療常規。醫院與女醫師否認疏失，辯稱術前已評估患者狀況，住院期間並無發燒等全身感染徵象，腹部照護方式也未超出整形外科常見處置。法院點出3大過失，包含未先處理腹壁膿瘍就安排拉皮與抽脂、未做細菌培養，及醫師在清創與換藥時徒手觸碰大傷口，均違反醫療注意義務。一審認為，醫療過失與感染有關，判賠約1300萬元。二審維持過失，但重算賠償，只承認加拿大醫療與交通費、返國3個多月需家人看護及至4月底前的工作損失，另酌給60萬元精神慰撫金，合計175萬2015元。其餘台灣住院醫療與看護、較長期間不能工作及血清素症候群相關請求，均被認為已在64萬元和解範圍內或證據不足而刪除，全案可上訴。熱門賽事、球星動態不漏接    ,https://news.ltn.com.tw/news/society/breakingnews/5261787
劉世芳率義消默哀宏福苑火災 強調投入8.2億元強化裝備,社會,2025/11/29 07:33,劉世芳在會中帶領全場對香港宏福苑火災進行默哀，同時感謝全國義消面對複合型災害時，付出時間心力協助救災。（記者鄭景議翻攝）內政部「114年下半年全國義勇消防總隊聯繫會報」28日在雲林縣盛大舉行，內政部長劉世芳、消防署長蕭煥章都到場致意，並致贈加菜金。劉世芳在會中帶領全場對香港宏福苑火災進行默哀，同時感謝全國義消面對複合型災害時，付出時間心力協助救災，並強調政府將持續投入8.2億元預算，強化義消科技訓練與精進裝備。本次聯繫會報集結全國300多名義消總隊長、副總隊長、總幹事及義消，共同交流分享救災經驗。劉世芳指出，台灣處於複合型災害好發區域，雖然人無法勝天，但有平日的準備，面對災害時更有備無患。從這次丹娜絲、樺加沙颱風、馬太鞍溪堰塞湖等事件，都看到官民攜手合作，展現台灣社會的防災韌性。請繼續往下閱讀...劉世芳強調，義消組織是我國災害應變體系中最重要的角色，其組織凝聚力、平時協勤實務經驗與精實訓練，都是政府最值得依靠的災害防救量能。除了感謝義消長期以來出錢出力、無私奉獻外，他也責成消防署持續強化義消各項專業訓練，充實救災裝備器材，以確保義消協勤安全。為了提升協勤救災安全，內政部在2024年至2029年共編列8.2億元，積極推動「韌性台灣-強化各類型義消科技訓練與精進裝備中程計畫」。計畫中規劃多元人才招募（如：機能型無人機義消、特搜義消、企業義消等），並透過補助義消消防衣、帽、鞋與空氣呼吸器等精良救災裝備。此外，劉世芳指出，政府近日推出的「台灣全民安全指引」，將分送到每一位義消手上，內容包含火災、地震、水災及堰塞湖等因應措施。他相信「有準備，更安全」，全民提升防災安全意識，是為了讓大家生活在一塊更安全的土地上。消防署長蕭煥章則頒發感謝狀，感謝在丹娜絲、樺加沙颱風期間協勤救災辛勞有功的16縣（市）義勇消防總隊。本次會報不僅是對義消辛勞的肯定，也展現中央與地方攜手打造更堅強消防防災體系的決心。內政部「114年下半年全國義勇消防總隊聯繫會報」昨（28）日在雲林縣盛大舉行，內政部長劉世芳（左二）、消防署長蕭煥章（左一）都到場致意。（記者鄭景議翻攝）熱門賽事、球星動態不漏接    ,https://news.ltn.com.tw/news/society/breakingnews/5261823
人為縱火？ 澎湖湖西紅羅垃圾場大火 延燒45小時撲滅,社會,2025/11/29 07:33,湖西紅羅垃圾場大火，延燒45小時終於撲滅。（澎湖縣政府消防局提供）澎湖湖西鄉紅羅村垃圾掩埋場大火，經過打火弟兄日以繼夜投入滅火，歷經45小時延燒後，終於在昨（28）日深夜控制火勢，今（29）日凌晨進行殘火處理，燃燒面積達2500平方公尺，一場火燒出澎湖人的怒火，也出現「陰謀論」，但最令人心疼是消防人員辛勞，還有鄰近住戶遭惡臭籠罩的悲哀，連門窗都不敢開。澎湖縣政府消防局調查指出，湖西鄉紅羅村垃圾掩埋場在27日凌晨1時46分發生火警，澎湖縣政府消防局立即派遣人車，趕赴現場展開搶救行動，湖西清潔隊出動怪手協助開道滅火。經歷連續近45小時的馬拉松式搶救，昨日深夜10時控制火勢，並於11時撲滅，隨後漏夜進行殘火處理中，燃燒面積約2500平方公尺，主要廠房及地下電線管路毀於一旦。請繼續往下閱讀...此次火災澎湖縣政府消防局計出動水箱消防車、水庫消防車等16輛各式救災車輛、2具固定式砲塔、1具救災機器人，另外派遣警消152人次（含港消12人次）及義消10人次，共計162人次不分晝夜、全天候投入救災。消防人員除周界防護防止火勢延燒、部署水線攻擊起火點、挖土機配合開挖掩埋場底層垃圾進行射水滅火外，並運用固定式砲塔、救災機器人等新式科技裝備協助射水搶救及降溫，提高滅火效率與保障消防人員救災安全。對於火警原因，外界出現「人為縱火」的陰謀論，也有人直指是廟會金紙垃圾復燃所致。火勢控制後，旋即展開殘火處理。（澎湖縣政府消防局提供）熱門賽事、球星動態不漏接    ,https://news.ltn.com.tw/news/society/breakingnews/5261822
已婚老男師狂示愛 嫩女師自認「女兒」閃賠60萬,社會,2025/11/29 07:25,吳姓數學男老師頻向同校游姓女老師示愛，但游女自認被當「女兒」未正面回應，吳妻怒告侵害婚姻求償60萬元敗訴。示意圖。（資料照）結婚34年的吳姓數學男老師頻向同校游姓女老師示愛、送餐如熱戀情侶，吳妻怒告游女侵害婚姻求償60萬元，台南地方法院認為，吳老師在道德應該被批評，不過游老師知道「被疼愛」卻未正面回應，只向吳妻坦承吳老師把她當女兒，沒超過男女正常交往界線，判吳妻敗訴。吳男與游女同在學校任教，後來開始頻繁往來。吳男今年過年前，還開車送游女往返高雄機場，並繞過妻子向小姨子詢問，想安排游女入住吳妻安南區房子，同年2月間，連續兩晚帶游女進出夫妻同住住所，讓吳妻認為兩人早已不止同事關係。請繼續往下閱讀...吳妻並提出兩人的通訊記錄，指吳男多次以愛妳、心疼妳、會保護妳、有妳真好等語示愛，主動約共進早餐午餐，要游女到家報平安，猶如熱戀情侶；但法院認為，面對吳男的示愛，游女多只回好的、沒問題、晚安等簡短話語，內容多圍繞求職與校內事務，對示愛用語沒有以同樣情緒回敬，也未主動安排更親密接觸。游女曾向吳妻坦承，吳男要求她看到「愛你」訊息要刪除，也轉述吳男說她是自己的女兒，他有家室、不能和她發生關係也不能給未來，只能疼她保護她。台南地院認為，這些談話頂多顯示男師對女師有好感與過度關心，仍看不到游女明確接受或超越普通朋友的親密關係。法官指出，侵害配偶權的行為，必須明顯超出一般社交往來，且情節重大到破壞婚姻共同生活。讓人非議的互動在道德上固然不妥，卻未必達到要賠償的程度，綜合通訊記錄與畫面，只能認定吳男欠缺避嫌，不足證明游女與其共同侵害配偶權，吳妻求償60萬元與訴訟費因此全部遭駁回。熱門賽事、球星動態不漏接    ,https://news.ltn.com.tw/news/society/breakingnews/5261795
女國中生遭誘拍裸照險輕生  渣男用假名柔姐騙取信任重判,社會,2025/11/29 06:56,張男佯稱女性，假藉交換裸照，涉嫌誘拐女國中生自拍，被高雄高分院重判。（情境照）已婚張姓男子假冒女性名義，與女國中生網路交往取得信任後，誘拐自拍性影像，害她差點尋短，高等法院高雄分院依違反兒童及少年性剝削防制條例，重判他徒刑8年半。據了解，2021年11月中旬，被告張男在高雄市彌陀區住處暱稱「柔姐」上網，佯為女性與被害人A女連繫，經常關懷她生活起居，取得信任後，他自網路上取得女性裸照，涉嫌誘騙她用手機自拍裸露胸部的性影像交換。請繼續往下閱讀...張男取得影片後上網供人觀覽，A女經友人告知後，一度在家尋短獲救。案經她家人報警處理，傳喚張男到案製作筆錄後，依涉嫌違反兒童及少年性剝削防制條例，函送橋頭地檢署偵查、起訴。橋頭地院判處張男有期徒刑8年6月，他不服上訴並辯稱，沒有跟A女要裸照，也未和她交換任何照片，更不會使用「柔姊」IG帳號聊天，當時不知道她未滿18歲，否認犯行。高雄高分院據A女和證人說詞，認定張男所辯不足採信，並審其犯行，導致被害人身心受重創，定期到醫院看診，甚至險些自殺，惡行重大，駁回上訴，尚未定案。至於張男涉嫌散布性影像，供人觀覽部分，橋檢認定查無證據，處分不起訴定案。自由電子報關心您︰自殺不能解決問題，勇敢求救並非弱者，社會處處有溫暖，一定能度過難關。安心專線：1925 生命線協談專線：1995。張老師專線：1980熱門賽事、球星動態不漏接    ,https://news.ltn.com.tw/news/society/breakingnews/5261810
偽造上百份軍艦維修紀錄表  上士獲緩起訴罰8萬元,社會,2025/11/29 06:41,軍艦。示意圖（資料照）海軍湘江艦陳姓上士，承辦文書業務，為規避呈核程序，涉嫌偽造上百份「艦艇維修紀錄表「等文件，被依偽造文書罪嫌送辦，獲橋頭地檢署緩起訴處分，但需支付國庫8萬，案由高檢署高雄分署核備中。據了解，2024年3月間，被告陳男任職海軍131艦隊所屬湘江艦上士副班長，負責製作「艦艇維修紀錄表」、「週保養計畫表」、「電子操演紀錄」等文件後，再送請吳姓中尉通訊官、賴姓作戰官核閱。請繼續往下閱讀...陳男因怠惰職務，為規避呈核程序，乃於同年11月間，在左營大路印刻店，花3百元偽造長官印章後，並於2025年軍艦停泊左營軍港，在軍艦上涉嫌製作不實的「艦艇維修紀錄表」等文件，數量高達上百份。後來，吳、賴發現陳男長達1年多，未呈報上開文件，經詢問及檢視紀錄表，內情始曝光，並報請憲兵隊處理後，偽造文書罪嫌，依移送橋頭地檢署偵辦。承辦檢察官審酌陳男認罪，涉嫌情節輕微，予以緩起訴處分1年，並向公庫支付8萬元，同時報請高雄高分檢同意。海軍湘江艦陳姓上士涉嫌偽造「艦艇維修紀錄表」等文書，經橋頭地檢署予以緩起訴後，報請高雄高分檢同意。（記者鮑建信攝）熱門賽事、球星動態不漏接    ,https://news.ltn.com.tw/news/society/breakingnews/5261811
上班偷吃泡麵沒給錢 小七店員判4月,社會,2025/11/29 06:08,台南超商鄭姓店員值班時拿走香菸、咖啡與泡麵共243元食用，雖由薪水扣回，仍被依業務侵占罪判刑4月。（資料照）統一超商的鄭姓店員，值班時拿走店內香菸、拿鐵，還偷吃一碗蔥燒牛肉泡麵，被發現後先被扣了薪水，還被店長報警提告，台南地方法院依業務侵占罪判他有期徒刑4月，可易科罰金，全案仍可上訴。鄭男在統一超商大通門市擔任店員，負責保管貨架商品與結帳。2024年8月26日凌晨，他取走店內香菸1包、拿鐵1杯，在店內吃完統一蔥燒牛肉風味泡麵，店長事後盤點貨物發現短少，調閱監視器畫面才看出是店員把商品吃掉，於是報警提告。鄭男在偵查與庭訊中都坦承犯行，也表示未付款金額已由薪水直接扣除。請繼續往下閱讀...台南地院認定，他在店內值班時本應善盡保管責任，卻利用職務之便侵占店家財物，構成業務侵占罪。因多次取用發生在短時間內，侵害同一被害人財產，依接續犯看法合併評價為一罪。法官指出，鄭男侵占的就是1包香菸、1杯咖啡和1碗泡麵，共243元，事後又由薪資扣抵，店家損失有限，與業務侵占最低6月徒刑相比，顯屬情輕法重，因此依刑法第59條減刑。鄭男也坦承，先前曾因沒錢拿過店內商品，經店長提醒後仍再犯，且至今未與告訴人和解，雖然這樣不好，但他在準備程序就起訴內容認罪，台南地院改採簡式審判程序，由受命法官獨任審理，量刑4月，可折算為每日1000元罰金。熱門賽事、球星動態不漏接    ,https://news.ltn.com.tw/news/society/breakingnews/5261800
盜市長照喊放颱風假 女高Threads傳假訊息不罰,社會,2025/11/29 06:06,未成年網友在Threads冒用市長頭像亂傳「台南明天放！」，善化警社維法送裁，新市簡易庭指未影響安寧裁定不罰。（資料照）女高中生在颱風前夕在Threads盜用市長黃偉哲的照片，並貼文「台南明天放！」假訊息，被台南市政府警察局善化分局依社會秩序維護法移送台南地方法院新市簡易庭，法官認定女高中生是覺得跟風覺得好玩又很快刪文，未造成公共安寧影響，裁定不罰。今年9月21日傍晚，女高中生在Threads帳號貼出「台南明天放！」，引發網路關注，警方依社會秩序維護法第63條第1項第5款散布謠言規定，傳喚女高中生家長到案，她向警方承認帳號是自己使用，因看到其他網友發過類似貼文，又很想放假，覺得好玩才照樣打字貼出，過程中並未查證內容是否屬實。貼文出現後，有數名網友在下方留言提醒這樣會讓人誤信隔天放假，她才意識到問題，隨即刪除文章並更換頭像。請繼續往下閱讀...法院進一步解釋，社會秩序維護法所稱散布謠言，除了內容與事實不符，還有一個構成要件是行為人在主觀上有影響公共秩序與安寧的故意，並引發恐慌，但這個案子雖是放假假訊息，但女高中生年輕識淺、智慮未周，在網友勸說後又立刻刪文，難認主觀上有破壞公共秩序的違序意圖。裁定也提到，其中有網友留言「很多事是不能開玩笑的」，這表示民眾仍可透過公告與新聞查證訊息，可見社會秩序沒有因為放假的假消息而混亂，所以不符合社會秩序維護對的要件，裁定不罰。熱門賽事、球星動態不漏接    ,https://news.ltn.com.tw/news/society/breakingnews/5261777
清潔隊職缺 收賄安插 聯手賣官 潮州鎮長、鎮代主席起訴,社會,2025/11/29 05:30,屏東縣潮州鎮長周品全涉收賄賣官，昨被起訴。（資料照）屏東縣國民黨籍潮州鎮長周品全，去年間涉夥同石姓妻子、陳姓秘書等人，收賄後販賣清潔隊員職缺，獲利近四百萬元，包括將同黨籍鎮代會主席王淑貞的三名親屬也安插進清潔隊；屏東地檢署昨天依違反貪污治罪條例、洗錢防制法等罪嫌，起訴周品全、王淑貞等十五人。鎮長周品全 透過妻子、秘書收賄周品全曾違法為原擬參選總統的郭台銘收購連署書遭羈押，因供出收購連署書的五百萬元賄款是由屏東縣國民黨籍議長周典論交付，獲檢方緩起訴處分，須支付公庫五十萬元。他於去年復職，重新上任後沒多久，竟又涉嫌犯行更嚴重的收賄賣官案，因涉案情節重大，今年七月再次被法院裁定羈押。請繼續往下閱讀...鎮代主席王淑貞 也幫3親屬打通屏檢指出，周擔任鎮長期間濫用對清潔隊員人事核定的職權，透過妻子及陳姓秘書等人收賄，安插七名友人及樁腳的親屬到清潔隊任職，每人收三十萬至八十萬元不等賄金，共收受三百九十萬元。其中王淑貞為了讓兒子、外甥及外甥女進入清潔隊，亦透過周妻行賄一百六十萬元。王表示已向檢方承認犯行。此外，檢方查出周品全與王淑貞還涉嫌公器私用，多次將公務車用於私人就醫等用途，卻核銷油料費用，造成公帑損失。屏檢偵辦後，依收賄、行賄、背信及洗錢等罪起訴周品全夫婦、王淑貞、陳姓秘書、居中穿梭者等十五名被告；全案移審屏東地院後，羈押近四個月的周品全獲法官諭知五十萬元交保。屏東縣潮州鎮代會主席王淑貞，涉行賄安插進3名親屬進清潔隊，昨被起訴。（資料照）熱門賽事、球星動態不漏接    ,https://news.ltn.com.tw/news/society/paper/1733888
刑局策動竹聯首腦返台投案,社會,2025/11/29 05:30,2021年新北市警局破獲台灣史上最大宗毒品走私案，查獲藏在木材夾層內的海洛因磚共1172塊，黑市價值50億元。（資料照）林秉豐癌末 獲保外就醫新北市警局於二〇二一年間破獲台灣史上最大宗毒品走私案，查獲藏在木材夾層內、市值五十億元的海洛因磚一一七二塊，當時七名落網的販毒集團成員，皆已判刑定讞發監，其中有二人遭重判無期徒刑；不過集團首腦、當時的竹聯幫和堂堂主林秉豐，早一步潛逃中國遭通緝，今年間刑事警察局獲悉林男罹病，六月間策動他投案，林男選擇回台，隨即於七月搭機返回。歸案馬上用健保 引議論但他抵台後，確認已是腦癌末期病人，得以保外就醫；林男回台歸案變成健保醫療病患，也引發外界議論。請繼續往下閱讀...本案是在二〇二一年六月間，新北市林口警分局員警於泰山區巡邏時，發現一間倉庫常有不明人士出入，門口還常停豪車，刑警大隊與分局布線蒐證後，鎖定從台中港進口、運來泰山倉庫放置的一批木材十分可疑，進而破獲巨量海洛因毒品走私案。警方查出，毒品是由綽號「豆漿」的林男與旗下幫眾走私進貨，進而循線逮捕巫文凱、游以翔、黃朋逸、郭維昆、莊世帆、劉旭凱及陳一峰等七名販毒集團成員送辦，並經檢方起訴及向法院請求從重量刑。巫男等七名販毒成員皆已於前年判刑定讞，參與策劃的劉旭凱與澳洲籍男子陳一峰否認犯行，判無期徒刑、褫奪公權終身；巫男等另五名共犯認罪及供出內情，各判六年至十五年不等徒刑。今年七月間，刑事局成功策動病重的林男返台投案，對於涉及的運毒案件，林男警詢時表達有參與，但否認是主策畫者。熱門賽事、球星動態不漏接    ,https://news.ltn.com.tw/news/society/paper/1733969
詐防中心擴大編制 結合偵查技術及培養專才,社會,2025/11/29 05:30,警政署刑事警察局昨舉行「詐欺犯罪防制中心法制化啟航典禮」。（記者鄭景議攝）刑事警察局詐欺犯罪防制中心法制化作業，本月七日經行政院核定生效實施後，昨天舉行「法制化啟航典禮」，宣告我國防制詐欺工作正式邁向專責化、制度化新階段。內政部部長劉世芳強調，詐防中心未來除了擴大編制，也將走向精準、專業、專責，讓反詐工作能夠精準結合新的偵查技術及培養打詐專門人才。增專線員額10人除了內政部長劉世芳，總統府秘書長潘孟安、行政院政務委員林明昕、警政署長張榮興也參與啟用典禮。劉世芳表示，儘管與去年同期相比，詐騙案件數量與財損金額都已大幅下降，但社會焦慮與批評仍存在，期許詐欺犯罪防制中心能扮演三大重要角色，一是全國詐騙案的「情資雷達」，及早攔截；二是金融與電信端的「煞車系統」，透過科技預警提醒民眾；三是防詐政策的「戰情室」，滾動檢討策略。請繼續往下閱讀...劉世芳說，一六五防詐專線人員每天平均要接五〇至八〇通電話，負荷量大，未來中心將擴編，並加強接線員警的諮商輔導方案，幫助心理減壓。據了解，未來將增加十名一六五人員配置。潘孟安表示，面對詐騙手法不斷翻新，政府必須具備更專業、更懂得運用科技的打詐團隊，刑事局已投入巨量資料分析、跨平台情資整合、數位金融流向追蹤與AI判識工具導入，讓警方更精準地掌握詐騙集團運作模式。林明昕指出，詐欺犯罪防制中心長期擔任打詐政策的秘書幕僚，法制化後納入多位專業人才，期許能發揮更大功效，減少財產損失，提升民眾安全感。熱門賽事、球星動態不漏接    ,https://news.ltn.com.tw/news/society/paper/1733971
國家隊打詐奏效 假投資詐案、財損大降7成,社會,2025/11/29 05:30,國家隊打詐成效漸顯現，根據最新統計，總財損最高的假投資詐騙，案件與財損均大降逾7成。（取自打詐儀表板）詐欺犯罪防制中心於本月間法制化，刑事局表示，自去年八月公布「一六五打詐儀錶板」以來，打詐國家隊成效已逐漸顯現，根據最新統計，上月詐欺案受理數較去年八月減少卅六％，財損金額減少五十六％，其中尤以總財損最高的假投資詐騙，案件與財損均大降逾七成，減幅最大，顯示在政府持續努力下，反詐策略已有一定成效。今年十月詐案受理數為一萬三六七三件，較去年八月減少七五七一件；財損方面，今年十月約六十億餘元，較去年八月減少七十八億餘元。詐騙手法類型中，假投資發生數居次（網購詐騙最多），但總財損最高，去年八月受理五四五〇件，今年十月降至一五二八件，財損也由八十九億降至廿四億元。請繼續往下閱讀...警政署表示，中央結合地方的打詐國家隊，除將假投資詐騙列為重點打擊，並持續監督網路平台業者下架義務，多次邀請名人站台，澄清、防堵假冒名人投資詐騙，掃蕩詐團虛幣洗錢，進行金流堵詐等。熱門賽事、球星動態不漏接    ,https://news.ltn.com.tw/news/society/paper/1733887
搭上泰北知名毒梟 竹聯堂主成台灣毒團最大咖,社會,2025/11/29 05:30,林秉豐涉入運毒、販毒業前，主要從事傳統的暴力討債，曾多次被捕。（資料照）綽號「豆漿」的竹聯幫和堂前堂主林秉豐，涉嫌主導走私市值五十億元海洛因。據警方蒐證，林男是國內最頂端的毒團大咖，為了開闢毒品輸台門路，曾多次進出泰國與金三角，直接與泰北超重量級的知名大毒梟「龍哥」搭上線，二人合作牟利。龍哥擁軍隊 還搞閱兵儀式林男有組織犯罪、毒品等多項犯行紀錄，據指出，二〇一八年至二〇二一年間，他密集前往東南亞國家，其中多次進出泰國，透過關係結織泰北毒梟「龍哥」，二人進而合作從事毒品買賣；林男打通「出貨」管道後，成為國內毒品圈少數不缺貨源的超大咖，也成為當時幫內最有錢的大哥之一。請繼續往下閱讀...知情人士透露，「龍哥」不僅是國際大毒梟，在泰北還擁軍隊，出貨時有軍隊護送，林男前去洽談買毒和運毒，宛如電影「門徒」情節，還被安排觀看閱兵儀式。林男涉入運毒、販毒業前，主要從事傳統的暴力討債，二〇〇九年警方偵辦桃園一家科技公司遭犯罪集團暴力討債，查出林男是主嫌，還意外發現當時藝人江蕙、楊烈等人，也是他們找碴的對象。二〇二一年，新北市警局破獲藏在木材夾層內的海洛因磚共一一七二塊，逮捕多名運毒集團分子時，林男已早一步搭機潛逃中國廣東省。熱門賽事、球星動態不漏接    ,https://news.ltn.com.tw/news/society/paper/1733970
潮州鎮所會龍頭聯手買賣官 4名現職清潔隊員同遭起訴,社會,2025/11/28 23:26,,https://news.ltn.com.tw/news/society/breakingnews/5261768
揚言藍高市黨慶活動砸豬屎爛雞蛋 鳳山警北上嘉義逮1男,社會,2025/11/28 23:03,國民黨高雄市黨部明（29）日將在鳳山舉辦黨慶暨公益活動嘉年華，但市黨部粉專今有網友留言，放話將帶一卡車爛雞蛋和排泄物迎接鄭麗文主席。（記者廖耀東攝）國民黨高雄市黨部明（29）日將在鳳山舉辦黨慶暨公益活動嘉年華，但市黨部粉專今有網友留言，放話將帶一卡車爛雞蛋和排泄物迎接鄭麗文主席，高市警方今晚北上嘉義逮獲李姓男子，詢後以恐嚇罪嫌函送。據了解，高市刑大今午受理報案後，經過濾比對相關留言，追蹤IP位址後，鎖定留言的李姓男子，疑似住在嘉義地區。請繼續往下閱讀...由於明天的國民黨黨慶暨公益活動嘉年華在鳳山舉行，相關治安維護由鳳山分局負責，鳳山分局立即派人趕往嘉義尋找李男，迅速找到他到案說明。據了解，李男疑因對國民黨主席鄭麗文的政治言論不滿，才會留言「已經準備一卡車的爛雞蛋和豬屎」，只是發發牢騷，並沒有任何行動。警方及時找到留言嗆聲的李男，勸阻並約制後，仍依恐嚇罪嫌函送法辦。網友留言攜爛雞蛋豬屎赴國民黨黨慶，雄警北上嘉義逮1嫌。（取自國民黨高市黨部粉專）熱門賽事、球星動態不漏接    ,https://news.ltn.com.tw/news/society/breakingnews/5261759
植牙鑽進下顎神經！病患下唇麻木還感染 牙醫挨告被起訴,社會,2025/11/28 22:21,士林地檢署認定李姓醫師涉有疏失起訴。看牙示意圖。（情境照）台北市士林區隸屬知名連鎖體系的英倫牙醫診所爆植牙疏失，李姓牙醫將植體鑽入下顎神經血管束，造成病患下唇麻木，引發感染，隨後再被診斷為植體周圍炎、骨髓炎及牙槽神經損傷。士林地檢署認定李姓醫師涉有疏失，依前段過失傷害罪將他起訴。起訴書指出，李姓病患2023年起到診所英倫牙醫診所牙周與補牙等治療，去年12月進行右下第一大臼齒植牙手術，由李姓牙醫操作。依醫療流程，醫師應事先評估下顎神經走向、選擇適當植體長度，掌握鑽入深度，但他植入Astra TX 5.0s × 9mm植體，植體深達神經血管束；病患術後立刻出現下唇麻木、疼痛，咬合與觸覺功能明顯受損。請繼續往下閱讀...病患症狀未改善，到亞東醫院就醫，經醫療團隊診斷為植體周圍炎、根尖區骨髓炎與下齒槽神經損傷；影像與病況顯示神經損傷與植體過深高度相關，病患提告李姓牙醫。檢方偵辦期間，調閱診所病歷、X光影像、轉診資料及亞東醫院醫師意見，發現病患右下顎神經血管束走向在影像中清晰可辨，植體深度亦與神經損傷結果相符。檢察官認為，病患的傷害本可避免，李姓牙醫未在術前充分確認影像與神經位置，屬「能注意而未注意」，因此依刑法前段過失傷害罪，對其提起公訴。熱門賽事、球星動態不漏接    ,https://news.ltn.com.tw/news/society/breakingnews/5261730
11/28今彩539頭獎開1注！800萬獎落嘉市西區,社會,2025/11/28 22:19,11月28日開獎的第114000288期今彩539頭獎開出1注；第114000109期大樂透頭獎摃龜。（台彩提供；本報合成）11月28日開獎的第114000288期今彩539頭獎開出1注，由嘉義市西區新西里上海路357號一樓「金好中彩券行」開出；第114000109期大樂透頭獎則摃龜。第114000109期大樂透中獎號碼「08、12、18、28、37、46，特別號：34」。頭獎摃龜；貳獎1注中獎，可得171萬8695元；參獎共42注中獎，每注可得4萬4069元；肆獎共101注中獎，每注可得1萬1780元；伍獎共2138注中獎，每注可得2000元；陸獎共2555注中獎，每注可得1000元；柒獎共2萬4896注中獎，每注可得400元；普獎共3萬6703注中獎，每注可得400元。請繼續往下閱讀...第114000109期49樂合彩中獎號碼為「08、12、18、28、37、46」。四合共2注中獎，每注可得20萬元；三合共107注中獎，每注可得1萬2500元；二合共3088注中獎，每注可得1250元。第114000288期今彩539中獎號碼為「08、13、14、22、28」。頭獎開出1注，可獲800萬元；貳獎共232注中獎，每注可得2萬元；參獎共6932注中獎，每注可得300元；肆獎共7萬6793注中獎，每注可得50元。第114000288期39樂合彩中獎號碼為「08、13、14、22、28」。四合共2注中獎，每注可得21萬2500元；三合共287注中獎，每注可得1萬1250元；二合共1萬233注中獎，每注可得1125元。第114000288期3星彩中獎號碼為「745」。壹獎共65注中獎，每注可得5000元。第114000288期4星彩中獎號碼為「8316」。壹獎共32注中獎，每注可得5萬元。確切中獎號碼以台彩網站公告為主，請見「台灣彩券網站」。大樂透、今彩539、39樂合彩、3星彩、4星彩中獎號碼。（擷取自台彩官網）熱門賽事、球星動態不漏接    ,https://news.ltn.com.tw/news/society/breakingnews/5261735
房仲郵寄廣告單怕被丟 信封印「高雄國稅局」字樣下場曝,社會,2025/11/28 21:54,不動產加盟店職員涉嫌偽造高雄國稅局信封，投遞廣告文宣，檢方予以緩起訴處分，並報請高雄高分檢同意。（記者鮑建信攝）從事不動產仲介買賣的楊姓男子，為避免郵寄投遞的廣告文宣被大樓管理員任意丟棄，竟異想天開在信封上偽印高雄國稅局和網址，涉偽造文書罪，經高雄地檢署予以緩起訴後，報請高檢署高雄分署核備。據了解，被告楊男為某家知名不動產加盟店職員，工作多年，發現郵寄投遞的房屋仲介買賣廣告文宣，經常被大樓管理員丟棄，於是突發奇想，為避免類似情形發生，腦筋動到稅捐單位頭上。請繼續往下閱讀...今年3月間，楊男未經高雄國稅局同意，在加盟店內自行設計印製有「財政部高雄國稅局和網址」的信封後，裝入不動產廣告文宣，再以郵寄方式投遞到小港區不特定社區，使民眾誤認是國稅局所寄文件。案經高雄國稅局接獲民眾檢舉後，向高雄地檢署告發，經承辦檢察官開庭偵查，認定楊觸犯偽造文書罪，但考量他坦承犯行、深表悔悟，僅因一時失慮犯罪，予以緩起訴1年，需支付國庫3萬元，及接受法治教育2場。由於楊男獲緩起訴處分，雄檢依規定，報請高雄高分檢同意。熱門賽事、球星動態不漏接    ,https://news.ltn.com.tw/news/society/breakingnews/5261675
「通姦除罪」推手涉侵占、詐貸  假律師周方慰收押禁見2月,社會,2025/11/28 21:35,「知名假律師」、富邦綜合開發公司負責人周方慰，涉侵占公司款項2850萬元，又向銀行詐貸1.6億元，台北地院晚間裁准羈押並禁止接見通信，為期2個月。（資料照）曾針對「通姦除罪」聲請大法官釋憲成名的「知名假律師」、富邦綜合開發公司負責人周方慰，涉侵占公司款項2850萬元，又涉墊高公司房地產價格向銀行詐貸1.6億元，台北地檢署今晨聲押禁見周方慰；台北地院晚間裁准羈押並禁止接見通信，為期2個月。檢調查出，富邦綜合開發公司曾因名下的集賢樓宿舍，與私立南華大學產生民事訴訟，2015年間雙方在高等法院台南分院審理時和解，並作成南華大學給付富邦公司2850萬元的和解筆錄，周方慰以董事長身分收受南華大學交付的14張支票，卻涉挪為己用，用於私人用途或購買房產等。請繼續往下閱讀...檢調還獲報，2020年周涉代表富邦開發與璽美、鈞言公司以三方契約方式，將富邦開發的宿舍透過璽美賣給鈞言，過程中涉墊高價金至2.3億元，向銀行詐貸得手1.6億元。北檢昨天指揮兵分20路搜索，約談周男、璽美負責人黃美芳、富邦開發等3公司的員工等，訊後將周方慰聲押禁見，黃美芳等5人各以50萬元至100萬元不等交保。北院法官晚間開庭，訊後裁准周方慰羈押禁見2個月。熱門賽事、球星動態不漏接    ,https://news.ltn.com.tw/news/society/breakingnews/5261704
桃檢候補檢察官吳亞芝涉洩密傳官官相護 桃檢聲明：無徇私迴護,社會,2025/11/28 21:26,桃檢先前調查吳亞芝是否違反個人資料保護法、洩密，以「簽結」收尾，遭疑「官官相護」，桃園地檢署今晚發出聲明指出，均依法辦理，並無徇私迴護。（資料照）律師鄭鴻威組「軍師團」洩密給詐團，16名律師被訴，其中律師朱一品女友、桃園地檢署候補檢察官吳亞芝涉嫌傳送未公開的書類給朱，遭監察院彈劾，法務部將她送懲戒；由於桃檢先前調查吳亞芝是否違反個人資料保護法、洩密，以「簽結」收尾，「官官相護」說法甚囂塵上，對此桃園地檢署今晚發出聲明指出，均依法辦理，並無徇私迴護。桃檢聲明指出，桃檢就吳亞芝因其律師男友犯罪所涉違失行為約談吳亞芝，比對相關卷證及就其同意提供之手機進行數位採證調查後，於2024年5月31日完成調查，認為吳亞芝有違檢察官職位尊嚴及民眾對檢察官職務信任，有法官法第95條第2項之事由，將全部卷證資料移付檢察官評鑑委員會個案評鑑，嗣經該委員會評鑑認有懲戒之必要，而移送職務法庭審理中，桃園地檢署均依法辦理。請繼續往下閱讀...全案源於台北地檢署偵辦鄭鴻威「軍師團」涉嫌洩密給詐團，其中律師朱一品遭爆女友吳亞芝幫其出謀策劃，還建議朱多接案子引發議論。熱門賽事、球星動態不漏接    ,https://news.ltn.com.tw/news/society/breakingnews/5261687
手刀對獎！11/28 大樂透、今彩539開獎啦,社會,2025/11/28 20:57,大樂透、49樂合彩開獎號碼。（擷取自三立iNEWS《全民i彩券》）今晚（11月28日）台彩各項開獎獎項及獎號如下：大樂透：08、12、18、28、37、46，特別號：34。請繼續往下閱讀...49樂合彩：08、12、18、28、37、46。今彩539：08、13、14、22、28。39樂合彩：08、13、14、22、28。3星彩：745。4星彩：8316。確切中獎號碼以台彩網站公告為主，請見「台灣彩券網站」。今彩539、39樂合彩開獎號碼。（擷取自三立iNEWS《全民i彩券》）3星彩開獎號碼。（擷取自三立iNEWS《全民i彩券》）4星彩開獎號碼。（擷取自三立iNEWS《全民i彩券》）熱門賽事、球星動態不漏接    ,https://news.ltn.com.tw/news/society/breakingnews/5261677
高樓救災添生力軍 彰縣消防局購置可達17樓高雲梯車,社會,2025/11/28 20:33,彰化縣消防局有2輛超高樓層雲梯車，機械臂完全伸展長52公尺、可達17樓高度。（資料照）樓高31層的香港宏福苑大樓火災釀慘重傷亡，去年新竹28樓高的晴空匯大樓火災也造成2名消防員殉職，讓高樓層救火及逃生等議題再度浮上檯面。彰化縣是六都以外第一大縣，高樓日益增加，經統計，全縣目前有約160棟10層樓以上的公寓大廈，16層樓高大廈則有11棟，有鑑於此，消防局陸續添購共9輛雲梯車，其中2輛機械臂伸展後長達52公尺、可達17層樓高，堪稱高樓救災利器。彰化縣消防局長施順仁指出，目前彰化共有11棟16層樓以上的高層建築物，多分布於彰化市及員林市，並以集合住宅用途為主，針對上述建築物，消防局平時除持續強化救災演練，還逐步充實車輛救災裝備器材，目前已於彰化市及員林市各配1輛52公尺長機械臂的雲梯車，每輛要價逾3000萬元，另有7輛30公尺雲梯車配置，以提升高樓救災能力。此外，還陸續購置救災機器人及無人機，透過無人機載具、救災機器人及AI智能派遣系統等應用，全方位提升科技消防救災的量能。請繼續往下閱讀...他說，今年初曾辦理高樓搶救配合高科技設備救災演練，模擬建築物發生火災，消防人員入室後藉由身上配置的穿戴式攝影機提供第一視角影像，並利用高空無人機的紅外線熱影像儀及可見光同步顯示，讓救災指揮人員得以快速掌握現場全貌，強化3D立體救災效能，搭配救災機器人搭載的五用氣體偵測器與紅外線熱影像儀，協助蒐集現場訊息、監看火勢變化，並利用遠端遙控調整出水量及角度，切換直線或水霧射水，快速控制延燒。熱門賽事、球星動態不漏接    ,https://news.ltn.com.tw/news/society/breakingnews/5261643
女持「假護理師證書」獲錄取 台南高榮：察覺有異立即停止任用,社會,2025/11/28 19:24,台南1名女子透過蝦皮購物網站，購買偽造的護理師國考證書至高雄榮民總醫院台南分院應徵獲得錄取，但2天後即自首。院方表示，第一時間即停止任用程序，並依規定通報主管機關處理。（資料照）台南1名女子透過蝦皮購物網站，購買偽造的護理師國考證書與台中科大學士學位證書，至高雄榮民總醫院台南分院應徵獲得錄取，但2天後即自首，全案經法院審理，依行使偽造特種文書罪，判處拘役50日、緩刑2年，並須進行40小時義務勞務。院方表示，第一時間即停止任用程序，並依規定通報主管機關處理。院方指出，針對所有新進醫護人員，均進行嚴謹的資格審查。該名女子於6月9日到職並提供相關證件，但院方隔天接獲衛生局通知該員疑有資格不符，無法辦理執業登記，立即啟動跨機關查證。經向考試院、衛生福利部及台中科大求證後，確認該名女子並未取得護理師國考及格證書及學歷資格，院方即於第一時間停止其任用程序，並依規定通報主管機關處理。請繼續往下閱讀...院方說，針對該名求職者，已依既有制度於審查過程中發現異常，並立即採取必要措施，全程並未造成病患安全疑慮。該名女子於6月11日在醫院政風室人員陪同下，前往台南地方檢察署自首，並坦承使用偽造文書之事實，全案已由司法機關依法偵辦與審理，並於11月26日判決確定。院方強調，所有醫療專業資格的審查，一向採取「零容忍」原則，絕不允許任何未具合法資格者進入臨床場域，以保障病人安全，同時已全面檢視招募流程，強化證件查核及跨機關驗證機制，以杜絕類似案件發生。蝦皮買「假護理師證書」竟成功錄取榮總！台南女上班2天心虛秒自首熱門賽事、球星動態不漏接    ,https://news.ltn.com.tw/news/society/breakingnews/5261570
誇張畫面曝光！彰化轎車連環撞 鐵捲門噴飛、屋頂垮了,社會,2025/11/28 19:16,路邊車輛被撞擊後再衝撞民宅鐵捲門，鐵捲門整片被撞掉，屋頂也變形。（圖由賴清美提供）轟隆！1輛轎車今天（28日）行經彰化縣和美鎮彰美路4段時，突然失控衝往路邊，先撞上1輛路旁的轎車，被撞轎車再擠壓到撞擊民宅，造成整片鐵捲門受損掉落，巨大聲響嚇壞附近居民，所幸整起事故並無人員受傷。事故發生確實原因與肇事責任由警方釐清中。和美警分局指出，這起事故發生在今天中午左右，1輛轎車行駛彰美路4段西往東方向，疑因閃避車輛轉向過度，先撞上1輛停放於路旁的轎車，被撞擊轎車遭擠壓後再撞到民宅的鐵捲門，造成鐵捲門損壞。縣議員賴清美接獲民眾反映後也趕往關切，直呼沒有人受傷是萬幸。轎車失控撞擊路旁車輛，兩車都受損。（圖由警方提供）熱門賽事、球星動態不漏接    ,https://news.ltn.com.tw/news/society/breakingnews/5261596
永康大灣地區2車追撞 「打保齡球」波及8汽機車釀7傷,社會,2025/11/28 18:54,台南市永康區北興路與大灣路交叉路口，在下班時間發生2車碰撞事故，波及多部停等紅燈的機車及另1部汽車，6人受傷送醫。（讀者提供）首次上稿 18:54更新時間 20:17台南市永康區大灣地區今（28）日下午5點20分左右2輛轎車追撞，波及7輛停等紅燈機車及另1輛汽車，7人受傷送醫。事故發生原因尚待警方調查釐清。請繼續往下閱讀...事故發生在永康北興路與大灣路口，1輛轎車在車道等待左轉，遭後方轎車追撞，前車往左前衝，撞到停等紅燈多部機車，總計有7輛機車與1輛汽車被波及，多名機車騎士及乘客倒地。事故造成7人受傷，台南市消防局獲報後出動4輛救護車將傷者分別送往成大醫院、永康奇美醫院、高雄榮民總醫院台南分院治療。詳細肇事原因仍由永康警方調查釐清中。時值下班時間，事故造成周邊交通壅塞。熱門賽事、球星動態不漏接    ,https://news.ltn.com.tw/news/society/breakingnews/5261558
晚餐麵包「騙」到手 邊牧走失餓壞被台東警送回家,社會,2025/11/28 18:24,台東縣警察局成功分局寧埔派出所警員林祈均，於果園附近發現1隻邊境牧羊犬，明顯是走失，他以晚餐麵包把狗「騙」到手。（警方提供）23日晚上8時許，台東縣警察局成功分局寧埔派出所警員林祈均，在南竹湖地區執行護漁及農地巡簽勤務時，於果園附近發現1隻邊境牧羊犬，明顯是走失，林員以晚餐麵包把狗「騙」到手，又透過社區群組才發現狗主，讓人、狗團圓。由於近期台東發生釋迦、漁產等竊案，涵蓋諸多分局，日前警方在縣議會被議員質詢，因此近期才有許多類似勤務。只是林祈均這次見到「看守果園」的是隻約3、4歲邊境牧羊犬，身著胸背帶明顯焦躁不安，判斷「牠絕對是走丟，而不是被派來看守果園」。請繼續往下閱讀...雖然邊境牧羊犬號稱「最聰明的狗」，但理智還是被飢餓輕鬆擊潰，見到陌生人拿麵包乖乖上前吃光，其實麵包是林祈均的晚餐，他說，「牠看來比我還餓，自己也喜歡狗，見牠如此實在不忍心」。由於犬隻身上沒有聯絡方式，林員隨即運用平時勤區經營所建立的社區LINE群組張貼協尋訊息，請在地居民協助辨識。稍後，飼主於群組中看見通報主動與警方聯繫，順利將狗狗帶回。飼主向警方表示，當日中午狗因牽繩鬆脫走失，家中焦急尋找多時無果，想不到牠跑到離家1.5公里遠的果園，對警方熱心協助深表感謝。近期台東地區夜間曾發生宵小侵害農、漁民心血的情形，正值在地柑橘採收期，成功分局已加強轄內農地與沿海巡簽，與農漁民共同守護產業安全。另外提醒飼主，寵物外出務必繫妥牽繩，並於頸圈或胸背帶上加貼飼主聯絡方式，以利走失時迅速聯繫。吃了警員晚餐的邊牧冷靜不少，一臉「自己遇到好人」的模樣。（警方提供）無助又焦躁的迷路狗，透過細心又愛狗的警方終於回到主人身邊。（警方提供）熱門賽事、球星動態不漏接    ,https://news.ltn.com.tw/news/society/breakingnews/5261477
只為看不順眼？二寶爸變狠男猛刺同鄉重傷 再清洗血跡、聊天後離去  ,社會,2025/11/28 18:05,台中地院依重傷害未遂罪判梁男5年2月，並命其服刑完畢後驅逐出境。（資料照）台中地方法院近日宣判一起震驚移工圈的砍人案件，越南籍梁姓2寶爸因無端對同鄉心生不滿，在好友宿舍聚會時持32公分長刀猛刺、砍傷杜姓同鄉，造成多處骨折及臟器重創，法官認定梁男涉犯重傷害未遂罪，判處5年2月徒刑，並於刑期執行完畢後驅逐出境，全案仍可上訴。該案發生去年11月16日深夜，梁男受邀到台中太平區某員工宿舍喝酒聊天，期間突對素未謀面杜姓同鄉不滿，怒嗆「你知道我是誰嗎？你要跟我道歉！」情緒失控後，竟衝往廚房取出長刀，杜男見狀急拿塑膠椅阻擋，仍被揮砍刺入腰部、手部與背部，當場滿地鮮血，手術後住院11天才出院，但梁男犯案後竟還淡定下樓洗去衣服、身上血跡，與友人談笑自若，再騎車離開現場。請繼續往下閱讀...檢警調查發現，在場多名移工均表示，兩人事前並無糾紛，也不清楚梁男為何突然動手，杜男證稱，他只是上樓叫朋友下來喝酒，卻被梁男一拳打臉，緊接著遭長刀攻擊，整個過程毫無預兆，審理期間，梁男否認預謀，辯稱是酒醉下意識模糊，與杜男「互相扭打」時不小心揮刀，台中地院勘驗監視器後認為，梁男揮刀後下樓行走穩健、能清洗血跡、甚至與朋友聊天，明顯無酒醉失控狀態。法官指出，梁男與杜男互不相識，卻因莫名情緒波動要求對方道歉並攻擊，動機薄弱、手段兇殘，考量他見杜倒地後未持續追砍，攻擊時間非長、雙方無宿怨，應屬偶發衝突，最終改以重傷害未遂罪判處5年2月，並命其服刑完畢後驅逐出境。熱門賽事、球星動態不漏接    ,https://news.ltn.com.tw/news/society/breakingnews/5261478
北市大度路7旬翁失控撞倒號誌桿 對向3車慘被砸無人傷,社會,2025/11/28 18:04,方姓老翁駕車失控撞倒中央分隔島號誌桿，砸中對向車道等紅燈的3輛轎車，現場一片凌亂。（警方提供）74歲方姓老翁今日下午2時32分左右，駕駛轎車沿台北市北投大度路往淡水方向行進時，突然失控撞向號誌燈桿，燈桿遭受猛力撞擊倒下，正巧砸中對向車道等紅燈的3輛轎車；所幸此次交通事故只造成車輛受損，並無人員受傷。肇事責任現由交通分隊調查中。警方表示，方姓老翁是今（28）日下午2時32分許，駕車沿大度路三段東往西朝淡水方向行駛時，突然車輛失控向中央分隔島衝撞，巨大的衝擊力將第1205136號燈桿撞倒，方翁的車頭損毀，停在路中。請繼續往下閱讀...不過，燈桿當下受力無法支撐，傾倒下壓至對向（往台北方向）正在停等紅綠燈的3輛轎車，造成車身受損，所幸3輛自小客車駕駛均未受傷。至於肇事的方姓老翁則意識清楚，送醫檢查並無大礙，酒測值為0。北投交通分隊到場進行安全維護，並協請拖吊單位將肇事車輛拖吊移置，約在下午近5時左右全線恢復通車。全案後續責任歸屬將由警方進一步調查。方翁偏離車道失控衝向中央分隔島。（警方提供）熱門賽事、球星動態不漏接    ,https://news.ltn.com.tw/news/society/breakingnews/5261455
國民黨潮州鎮長周品全賣官收賄羈押近4個月 50萬交保,社會,2025/11/28 17:51,潮州鎮長周品全賣官收賄被羈押近4個月後，獲50萬元交保。（資料照）國民黨籍潮州鎮長周品全利用鎮公所招考清潔隊員機會，販賣職缺收取賄賂近400萬元，7月間被屏檢依涉貪罪嫌重大聲押獲准，檢方今天偵結全案，依貪污等罪起訴周品全等人，經移審屏東地院後，羈押近4個月的周品全下午50萬元交保。周品全2023年11月間涉及違法為郭台銘收購連署書情節重大被屏檢聲押獲准，在羈押了近2個月後，去年1月間獲釋，恢復鎮長職務，他在郭案中供出收購連署書的500萬元賄款是由同黨籍屏東縣議長周典論交付，獲得檢方緩起訴處分（須支付公庫50萬元），好不容易才全身而退，不料又被舉報在鎮公所招考清潔隊員時，涉嫌收受民眾賄賂換取隊員職務情事。請繼續往下閱讀...屏東地檢署7月間指揮辦案人員，搜索潮州鎮公所及周品全相關處所，經約談涉案及相關證人後，檢察官認為周品全涉貪嫌疑重大，有串證之虞，向法院聲請羈押禁見獲准。屏東地檢署指出，周品全擔任鎮長期間，涉嫌濫用其對清潔隊員人事核定之職權，與潮州鎮代會主席王淑貞、林姓樁腳等人勾結，藉由提前提供徵選資訊，透過內定等方式，協助多位親屬成功錄取清潔隊員，每名清潔隊員賄款金額介於30萬元至80萬元不等，初步合計390萬元。此外，周品全於去年多次將公務車供私人就醫使用，並核銷油料費用，造成公帑損失；檢察官今天偵結全案，依貪污等罪起訴周品全、王淑貞等人。熱門賽事、球星動態不漏接    ,https://news.ltn.com.tw/news/society/breakingnews/5261418
京華城土地標售弊案檢調首次約談沈慶京 訊後700萬交保,社會,2025/11/28 17:29,檢調偵辦京華城土地標售案，今日首度約談沈慶京，訊後700萬交保。（記者王定傳攝）首次上稿：11:17更新時間：17:29（新增沈慶京700萬交保）檢調偵辦京華城土地標售案，發現威京集團旗下中石化雖有估價，卻採用偏高的版本讓子公司鼎越開發以超過底價30億元的372億元向同集團京華城公司購入土地，京華城公司之後以減資方式將錢分給股東，其中有近30億元流進香港一家公司，疑解決威京集團主席沈慶京的私人債務，因而懷疑沈在背後操盤；台北地檢署今年已發動2波行動，今日首度以被告身分傳喚沈慶京，訊後諭知沈700萬交保。請繼續往下閱讀...2001年開幕的京華城購物中心，因營運狀況不佳，2018年開價380億元對外招標，經3次流標，2019年降價為342億元，最後由鼎越公司以372億元得標。據了解，鼎越資本額只有1億元，經中石化不斷增資而得以參與京華城土地標售案，且中石化雖有多份估價報告，但該公司董事會及審計委員會卻以偏高的版本，讓鼎越以372億元購入土地，涉有不符營業常規交易情形；2021年買賣雙方完成土地過戶，京華城公司從約150億元減資到剩下1億元，有近30億元流進香港一家公司，該公司背後大股東是一名大亨，疑是為了解決沈慶京的私人欠債。檢方今年5月指揮北機站發動搜索，約談中石化前後任董事長林克銘及陳瑞隆、鼎越前負責人朱亞虎等人，訊後諭知林克銘500萬元交保、陳瑞隆200萬元交保、前鼎越公司負責人朱亞虎100萬元交保並限制出境出海、中石化時任獨董及知名經濟學者朱雲鵬120萬元交保，代理總經理兼發言人陳穎俊100萬元交保並限制出境出海；法務經理陳俊源、土地開發部副理梁恭儀及土地開發部高階管理師朱俊嘉40萬元至80萬元不等金額交保。檢調11月間再度約談陳瑞隆，還有京華城董事長陳玉坤、鼎越執行副總張嘉文、財務副總蔡志章、威京集團財務經理張志澄；檢方訊後依違反證券交易法諭知陳瑞隆加保150萬元（之前200萬交保），張嘉文30萬元交保、蔡志章50萬元交保，張志澄原本50萬元交保，後改為30萬交保，陳玉坤則以證人身分訊問後請回。檢調偵辦京華城土地標售案，今日首度約談沈慶京。（記者王定傳攝）熱門賽事、球星動態不漏接    ,https://news.ltn.com.tw/news/society/breakingnews/5260849
史上最大宗毒品走私！竹聯幫前堂主「豆漿」罹癌返台投案 7手下現況曝,社會,2025/11/28 17:25,竹聯幫和堂前堂主、綽號「豆漿」的林秉豐（左二）。（資料照，記者黃敦硯攝）由竹聯幫和堂前任堂主、綽號「豆漿」的林秉豐主導的台灣史陸上最大宗海洛因走私案，檢警4年前在新北泰山倉庫查獲「雙獅全球牌」海洛因磚1172塊、黑市價值約50億元。除了被通緝的林秉豐因罹癌今年7月返台歸案，集團7名成員皆已於2023年判刑定讞，參與策劃的劉旭凱與澳洲籍陳一峰堅不認罪被判無期徒刑、褫奪公權終身；巫文凱等5名共犯認罪並供出內情，各判6年至15年不等徒刑確定。新北檢警2021年追查發現，這批海洛因由長期往返泰國、與泰北毒梟「龍哥」合作的竹聯幫前堂主林秉豐與手下共同運輸，當時共逮捕林嫌集團內巫文凱、游以翔、黃朋逸、郭維昆、莊世帆、劉旭凱及陳一峰等7人，檢方依共同運輸第一級毒品罪嫌起訴，並請求法院從重量刑；林秉豐案發後聞訊潛往中國廣東省，成為本案缺席的關鍵人物。請繼續往下閱讀...先前被捕的7名集團成員，相關刑事訴訟已於今年4月進入最高法院第三審。最高法院審理後認為，劉旭凱、陳一峰及巫文凱等人提出的上訴理由，均未具體指出原審判決如何違背法令，未符刑事訴訟法第三審限於法律審的要件。法官指出，原審已依卷內證據，認定各被告彼此具有犯意聯絡，分工合作，自泰國透過海運將毒品夾藏入木材運入台灣，符合共同運輸第一級毒品之構成要件；莊世帆則因介入時點不同，成立共同運輸毒品未遂。最高法院認為，原判決就採證、認事及量刑均未違反經驗法則與論理法則，對各被告辯解也已充分指駁，一、二審判決均無違誤，駁回7人上訴，全案確定。熱門賽事、球星動態不漏接    ,https://news.ltn.com.tw/news/society/breakingnews/5261392
騙弱勢家庭21萬 約聘社工判刑緩刑5年,社會,2025/11/28 17:24,台南社會局前約聘莊姓社工承辦個案，佯稱補助不足向家屬詐得21萬元，遭依貪污罪判刑1年10月，宣告緩刑5年。（記者王捷攝）台南地方法院今宣判市府社會局前約聘莊姓社工，承辦身障者安置護理之家竟向家屬詐取21萬元，依貪污治罪條例判刑1年10月、褫奪公權1年，並宣告緩刑5年付保護管束，須履行賠償與義務勞務。莊女自前年起在市府社會局安南區社福中心擔任約聘社工，承辦身心障礙洪女安置護理之家關懷案，並協助其女兒申請慈善捐款，明知安置費用由社會局全額補助，卻改口稱因補助核定後每月仍須由家屬貼補1萬5000元，遂陸續收取現金共21萬元，直到家屬察覺有異向法務部廉政署南部地區調查組檢舉。請繼續往下閱讀...台南地院表示，莊女在偵審過程均坦承犯行，其供述與告訴人及社會局督導、護理之家負責人證言相符，並有社福資料、收費明細、監視畫面與LINE對話、帳戶交易等紀錄佐證，事證明確，依貪污治罪條例認定構成公務員利用職務上機會詐取財物罪。該罪法定刑為7年以上有期徒刑，惟莊女已全數返還21萬元並與告訴人和解，符合貪污治罪條例第8條第2項減刑要件，再依刑法第59條酌減，量處1年10月徒刑及褫奪公權1年；被害人僅1人、金額沒有很大，而且被告無前科且已賠5萬元，所以不必立即執行自由刑。法院最終依刑法第74條宣告緩刑5年，命莊女在判決確定後2年內完成2場法治教育課程，向檢察官指定之公益機構提供200小時義務勞務，並依和解內容分期賠償，緩刑期間付保護管束；如日後嚴重違反賠償或教育、勞務等負擔，緩刑恐遭撤銷，須真正服刑。熱門賽事、球星動態不漏接    ,https://news.ltn.com.tw/news/society/breakingnews/5261411
又在竹北街頭賣狗肉！查獲43公斤動物屠體 2越南逃逸移工送法辦,社會,2025/11/28 17:16,新竹縣竹北市再度查獲逃逸越籍移工，用車輛載運狗和多種動物的屠體兜售。（取自竹縣府官網）新竹縣昨天（27日）再次當街查獲，2名越南籍逃逸移工涉嫌販賣狗肉等至少4種動物屠體、內臟等事件，總共在涉案人代步的座車起出前述不明肉品共43公斤重，全案依違反動物保護法查扣並移送法辦。新竹縣動物保護防疫所昨天獲報，指2名越南籍移工疑似兜售狗肉等不明肉品，動保檢查員通報竹北警分局三民派出所後，會同縣議員朱健銘、新竹縣流浪動物珍愛協會人員到交易地攔截成功。請繼續往下閱讀...交易現場就在竹北縣政二路車水馬龍處，被查獲的動物肉品起獲後清點，發現有疑似犬隻屠體11.8公斤、白鼻心3.1公斤、山豬5.2公斤、羊類動物3.1公斤，以及其他未知的屠體、臟器等，總重共43公斤。肉品被查扣已全數採樣送檢確認動物種別，另從移工的訪談、調閱通聯資料紀錄過程，發現2人都是逃逸移工，因此轉交警方法辦。動保所長何志豐說，依動保法規定，任何人都沒有任何理由可以宰殺、販售、購買、食用或持有犬貓屠體。宰殺犬貓的人，會被依動保法移送地檢署偵辦，處2年以下有期徒刑，併科新台幣20萬元以上、200萬元以下罰金。如果販賣、購買、食用或持有犬貓屠體，則依同法處新台幣5萬到25萬元不等罰鍰。但如果涉及宰殺保育類野生動物，則將面臨5年以下有期徒刑，併科新台幣20萬到100萬元不等罰金。新竹縣昨天再度查獲有逃逸越南移工涉嫌當街交易狗肉，起獲至少4種動物屠體共43公斤。（取自竹縣府官網）熱門賽事、球星動態不漏接    ,https://news.ltn.com.tw/news/society/breakingnews/5261351
「天道盟公主」色誘奪產虐死中風翁 難逃法網重判12年還要賠130萬,社會,2025/11/28 17:13,外號「天道盟公主」的竺姓女子因虐死老翁判刑12年，民事另判應賠償老翁兒子130萬元。（資料照）外號「天道盟公主」的竺姓女子，涉嫌對中風行動不便的陳翁施暴，意圖奪取其名下多筆土地，最終導致陳翁死亡，刑事部分先前已被判處12年徒刑，目前仍在上訴中，陳的兒子再求償430萬元，台中地院民事庭今判處竺應給付陳子130萬元，作為喪葬費與精神撫慰金。經查，竺女得知陳姓老翁獨居、行動受限又握有土地，企圖以「感情關係」接近對方，指使同夥將他帶往各地政事務所，辦理土地所有權狀換發與印鑑證明補發，期間陳翁完全受制於人，被載往台中海線多處旅館拘禁，期間陳翁多次表示想離開，卻遭竺女以徒手、掃把等物施暴，甚至於最後一晚被猛烈踩踏胸腹與頭部。請繼續往下閱讀...隔日凌晨，同夥察覺陳翁沒有反應緊急送醫，但陳翁因傷重仍宣告不治，警方獲報循線逮捕竺女送辦，台中地院今年8月認定竺女涉犯傷害致死等罪，指出竺女有相關犯行前科紀錄，犯罪態度冷漠又在案發後逃逸，顯示其無深切悔意，判處有期徒刑12年，目前該案上訴中。刑事判決後，陳姓老翁兒子另提民事求償430萬9010元，審理期間，竺女辯稱陳翁「自行跌倒」否認施暴，並指若要謀害對方，不會送他就醫，然而法院調查後認定，死者傷勢與竺女行為直接相關，兩者之間具「相當因果關係」，審酌竺女以個人情緒凌虐行動不便老人，造成被害人家庭永遠缺憾，認為其應負完全責任，最終裁定精神慰撫金以100萬元為適當，加計喪葬支出，共計130萬9010元，仍可上訴。熱門賽事、球星動態不漏接    ,https://news.ltn.com.tw/news/society/breakingnews/5261354
又有法官過勞！台中高等行政法院審判長加班突不適 返家後送醫,社會,2025/11/28 17:11,台中高等行政法院傳出蔡姓審判長加班時突身體不適送醫。（資料照）台中高等行政法院驚傳有法官因疑過勞住院，該院審判長蔡紹良昨（27）日晚間在辦公室加班時突然感到身體不適，返家後症狀未緩解，家人緊急將他送往醫院急診，目前仍在院內進一步檢查與治療，台中高等行政法院今證實回應，蔡審判長意識清楚，但需要住院觀察，已與家屬保持密切聯繫並提供協助。司法界近年屢傳過勞事件，讓這起狀況更引發關注，據了解，年滿60歲的蔡紹良在法院內以「敬業」、「高強度工作」聞名，幾乎全年無休，同仁透露，他從早到晚忙著研讀卷證、撰寫判決，假日也常在辦公室加班，這樣的節奏維持數十年如一日，得知他突然住院，都難掩震驚與不捨。請繼續往下閱讀...同事也形容蔡審判長不但審案細膩、態度嚴謹，也十分照顧後進，只要看到學弟妹假日加班，他總會停下手邊工作，關心一句「要不要幫忙？要不要休息一下？」同仁們說，他不僅是優秀的審判長，也是讓人敬重的好前輩。熱門賽事、球星動態不漏接    ,https://news.ltn.com.tw/news/society/breakingnews/5261396
70歲老獵人待矢負山獵場罹難 桃園救難人員花7小時將遺體運出,社會,2025/11/28 16:49,搜救隊伍前後花了15小時才找到呂姓獵人遺體，費盡千辛萬苦接力運回登山口。（桃園市消防局提供）桃園市復興區待矢負山位於小烏來地區，海拔1354公尺，由於地形陡坡不斷且雲霧繚繞，生態極為豐富，常見山羌、飛鼠、水鹿等，也是原鄉部落熱門的打獵聖地；70歲呂姓獵人26日上午7點巡視待矢負山獵場陷阱，未料徹夜未歸，家人昨上午向消防隊報案，救難人員花了7個小時發現呂時已經身亡，由於下山非常困難，直到晚上10點35分才將遺體運達登山口，今日清晨才送回家中。消防局第三大隊復興分隊接獲通報後，考量待矢負山除地形陡峭，救難人員需穿越樹林遠離登山路徑，並行走在可能有捕獸夾或陷阱工具的樹林中，大大增加搜索難度，遂邀當地義盛里長王曉貞及熟稔呂姓獵人獵徑的資深獵人教官協助搜尋。請繼續往下閱讀...復興分隊救援人員由獵人教官帶領歷經近7小時搜尋後，於下午3點28分在懸崖陡坡上發現李姓獵人身體在陡坡大樹前，身上有多處外傷已不幸罹難；由於回程路徑需經過懸崖陡坡，無直升機吊掛點，僅能以人力搬運下山，需集結龐大搬運量能，遂請求特搜隊、分隊及山域義消共30名支援人力挺進失事地點。隨後搜救隊伍在伸手不見五指的環境中穿越70度險峻陡坡，架設確保系統繩索接近事故地點打包死者遺體，搜救人員以SKED捲式擔架打包遺體後開始折返登山口，拖拉路徑經過多處懸崖峭壁，考驗山域繩索技術應變，更考驗搜救者的體力，歷經近3小時高強度救援後，晚間10時35分順利返回登山口，後續由家屬領回遺體。警方表示，「待矢負」（たいやふ） 是泰雅族語「急斜」的日文譯音，待矢負山陡坡險峻可見一斑，再專業熟悉山林的獵人也無法保證每次都能全身而退，呼籲民眾如沒有一定基礎千萬不可貿然入山，務必做好準備量力而為。熱門賽事、球星動態不漏接    ,https://news.ltn.com.tw/news/society/breakingnews/5261288
台中高等行政法院審判長加班突不適 送醫住院治療,社會,2025/11/28 16:43,台中高等行政法院蔡姓審判長昨天晚間加班時，疑因過勞突感不適，返家後隨即送醫檢查治療。法院今天表示，蔡姓審判長目前意識清楚，但需住院治療，將提供家屬後續協助。媒體報導，台中高等行政法院蔡姓審判長，昨天晚間在法院加班時突感不適，經返家後緊急送往醫院急診檢查。請繼續往下閱讀...台中高等行政法院今天透過文字稿表示，目前蔡姓審判長意識清楚，但需住院治療。法院與家屬保持密切聯繫及提供協助，謝謝各界的關懷。據了解，蔡姓審判長年滿60歲，平時工作敬業認真，且平、假日常加班，傳出疑因過勞不適送醫，讓院內人員都相當驚訝不捨。熱門賽事、球星動態不漏接    ,https://news.ltn.com.tw/news/society/breakingnews/5261342
7旬翁臨老入花叢險被騙30萬 警阻提款再合力約車手面交逮人,社會,2025/11/28 16:32,基隆市警第四分局安樂派出所警員勸退葉男提款念頭後，與他合作逮到前來收款的37歲的蔡姓車手，查扣相關證物後，將蔡男依詐欺罪嫌移送法辦。（記者林嘉東翻攝）基隆市1名7旬葉姓男子日前在臉書結識1名女網友，2人相談甚歡，女網友以約見面為由向葉索討台幣30萬元現金，葉為了想見女網友一面，跑到銀行提領，銀行察覺異常報警勸阻，警方順藤摸瓜，約出蔡姓車手，在查扣相關詐騙證物後，依詐欺罪嫌送辦。基隆市警四分局安樂派出所前天上午9時30分接獲安樂區一家銀行通報，7旬葉姓男子到銀行臨櫃欲提領台幣30萬元現金，葉男可能疑似遭到詐騙。警方獲報到場了解，原來72歲葉姓男子在臉書上結識1名女網友後，對方以約見面為由要求葉男支付30萬元才能見面，葉男想見女網友一面，跑到銀行領錢欲付給女網友，經警方不斷勸說，才打消他提款30萬的念頭。請繼續往下閱讀...警方在勸退葉男提款念頭後，為避免還有被害人被騙，與葉男合作，約出車手面交，26日上午11時許，逮到前來收款的37歲的蔡姓車手，查扣相關詐騙證物，警訊後，將蔡男依詐欺罪嫌移送法辦。基隆市警察局第四分局呼籲，民眾切勿輕信網路陌生人，如遇對方以各種名義要求匯款或提供個人資訊，應提高警覺。若遇疑似詐騙情節，可撥打165反詐騙專線或110報案專線查證。熱門賽事、球星動態不漏接    ,https://news.ltn.com.tw/news/society/breakingnews/5261213
國一楊梅休息站又出事！疑輔助駕駛釀禍連撞5車3人傷,社會,2025/11/28 16:31,陳姓男子駕駛的白色轎車車頭嚴重毀損。（記者周敏鴻攝）陳姓男子下午2點左右駕駛轎車行經國道1號桃園市路段，進入楊梅休息站時，疑因仰賴輔助駕駛，撞上已導致多次事故的入口匝道分隔島，再高速撞上停放在一旁停車格內的2輛貨車、3輛轎車，陳男與同車乘客石姓男子、正在車上休息而被波及的貨車司機謝姓男子，分別因為頭部受傷送醫，幸無大礙。國道1號楊梅休息站2021年底啟用，數年來事故頻傳，其中2025年1月25日1起自撞中央分隔島後起火事故，甚至釀4死4重傷悲劇，高速公路局後續增加交通工程設施、增設警示標誌，並將原來偏右的匝道調整為直線，盼能減少交通事故。請繼續往下閱讀...豈料今天下午2點左右，23歲陳男開轎車載著友人石男（24歲）走國道1號南下，進入楊梅休息站時卻撞上分隔島，轎車失控衝向休息站停車場，接連碰撞1輛轎車、2輛貨車，並推撞貨車碰撞另2輛轎車。警方表示，陳男、石男因猛烈衝擊力道撞傷，另有1輛貨車司機謝男坐在車上休息也遭殃，先後被送醫治療，還好都無大礙；陳男自述當時他開啟輔助駕駛，才不慎碰撞分隔島，是否有酒駕或毒駕等情事與事故原因有待進一步調查。陳姓男子駕車衝入楊梅休息站停車場波及多輛車。（記者周敏鴻攝）陳姓男子駕車碰撞入口匝道分隔島後，衝入楊梅休息站停車場內波及多輛車。（記者周敏鴻攝）陳姓男子駕車衝入楊梅休息站停車場波及多輛車。（記者周敏鴻攝）熱門賽事、球星動態不漏接    ,https://news.ltn.com.tw/news/society/breakingnews/5261223
「台中好甜百大店」遇飛來橫禍！遭逆向車暴撞 駕駛倒車落跑4天不出面,社會,2025/11/28 16:06,位在台中市東區的麵包店24日淩晨被一輛黑色轎車逆向高速衝撞，生財工具被撞到一片凌亂。（民眾提供）台中市東區一間被列為「台中好甜百大店」之一的麵包店，24日凌晨遇飛來橫禍，遭一輛黑色轎車逆向高速衝撞，猛烈撞擊聲把熟睡中的老闆夫妻驚醒，初估財損超過60萬元，更離譜的是，肇事駕駛撞毀店面後竟直接倒車逃逸，至今4天仍未出面，拒接電話、人也失聯，讓業者氣得直呼「求償無門」。事故發生在24日凌晨2時57分，根據監視器畫面，肇事的黑色轎車沿建成路外側車道高速前進，右轉進入樂業路後突然逆向偏移，直直衝向麵包店家門口的攤架，巨大撞擊聲震動整排街道，老闆在睡夢中被驚醒，還以為是其他地方出事，直到妻子打開監視器才發現整個攤位已「全毀」。請繼續往下閱讀...店家無奈表示，事故造成的損失慘重，新購入的冰箱被撞到凹陷變形、剛整修的鐵門全被推倒、烤箱位移、玻璃裂痕處處，整個工作區幾乎無法運作，「這些都是生財工具，每一樣都是錢」，且撞擊力道大到連他們住在數十公尺外都能感受到震動，沒想到肇事者「車還能馬上倒車逃跑，真的很誇張」。轄區第三分局表示，已透過車牌掌握車主資料，依程序通知其到案說明，但對方至今4天仍未出面，電話也無法聯繫，形同失聯。警方指出，如果車主持續不到案，將依「道路交通管理處罰條例」第62條第5項「第一項及前項肇事逃逸案件，經通知汽車所有人到場說明，無故不到場說明，或不提供汽車駕駛人相關資料者，吊扣該汽車牌照一個月至三個月」，後續肇事逃逸責任仍會追究。熱門賽事、球星動態不漏接    ,https://news.ltn.com.tw/news/society/breakingnews/5261255
南投色警偷錄女警洗澡刪檔滅證 數位鑑識還原劣行判刑5月,社會,2025/11/28 16:02,南投縣某分局有男警偷拍女警洗澡，南投地方法院審理後判有期徒刑5個月。（記者劉濱銓攝）南投縣某分局張姓員警，今年3月間趁女警在分局宿舍洗澡時，一連2天拿手機偷錄女警在淋浴間的裸體畫面，受害女警發現後大叫，張男才落跑，並刪光偷錄影片，惟分局事後透過數位鑑識還原偷拍檔案，並依法送辦，南投地方法院審理後，依錄影攝錄性影像罪判有期徒刑5月，得易科罰金15萬元；全案可上訴。判決書指出，張男3月間在分局宿舍公共浴室洗澡，當時發現有人在沐浴，便拿手機伸到淋浴間的門板上方偷拍，並錄到女警裸體影像，隔天故技重施偷拍同一名女警，惟此次女警發現後大叫，張男才落跑，張男隨後也刪除錄影檔案企圖滅證。請繼續往下閱讀...之後被害女警通報主管，分局也展開調查，並以數位鑑識還原遭刪除的偷拍影片，查出張男2次犯案分別錄有3段、2段影片，最後也查扣手機、平板等證物移送法辦。法院審理則認為張男從警10年卻知法犯法，罔顧對他人隱私的尊重，甚至一犯再犯，還心存僥倖刪除偷拍影像滅證，但考量其無犯罪紀錄、坦承犯行，且有意調解，最後以錄影攝錄性影像罪，共2罪，各判3個月，合併執行有期徒刑5個月，得易科罰金15萬元，可上訴。熱門賽事、球星動態不漏接    ,https://news.ltn.com.tw/news/society/breakingnews/5261183
史上最大50億海洛因走私案主嫌返台 腦癌末期決定投案,社會,2025/11/28 15:41,2021年新北市警局破獲台灣史上最大宗毒品走私案，查獲藏在木材夾層內的「雙獅全球牌」海洛因磚共1172塊，黑市值50億元，綽號「豆漿」主嫌林秉豐潛逃中國，今年7月因腦癌末期病重，決定回台自首。（資料照）2021年新北市警局破獲台灣史上最大宗毒品走私案，查獲藏在木材夾層內的「雙獅全球牌」海洛因磚共1172塊，黑市值50億元，警方逮捕販毒集團數人，但綽號「豆漿」的主嫌林秉豐潛逃中國。今年7月，林嫌因腦癌末期病重，決定回台自首，現已保外就醫。據悉，2021年10月份，新北市林口警分局員警於泰山區巡邏時，發現某倉庫常有不明人士出入，門口還常停豪車，刑大、林口警分局由此開始查緝，最終發現由台中港進口、運來泰山這處倉庫放置的木材有異，進而破獲本起台灣有史以來陸上最大宗毒品走私案。請繼續往下閱讀...警方循線查出，這批毒品就是林嫌與旗下幫眾走私進貨，他是竹聯幫和堂前任堂主，有組織、毒品等多項前科，2016年曾買兇毆打影城大亨，也曾對不少知名藝人暴力討債，他多次進出泰國，與泰北當地毒梟「龍哥」接觸並合作，長期從事毒品買賣。警方當初逮捕林嫌旗下販毒集團成員巫文凱等7人，被檢察官求處重刑，但林嫌本人已潛逃中國廣東省。今年6月，刑事局策動林嫌返台投案，林嫌也自知病重，最後選擇回台。林嫌向警方供稱，他自知腦癌末期，且在中國也「不好混」，所以選擇返台投案就醫；至於本起案件，林嫌大部分承認他有參與，但他不願承認是主策畫者。熱門賽事、球星動態不漏接    ,https://news.ltn.com.tw/news/society/breakingnews/5261204
大園區幼兒園地下室馬達起火 57師生緊急疏散無人傷,社會,2025/11/28 15:26,桃園市大園某幼兒園火災，地下室抽水馬達全毀。（消防局提供）桃園市大園區三和路某幼兒園，地下室抽水馬達今中午突然起火，現場濃煙密布，消防人員緊急疏散57名師生到安全處，所幸無人受傷，火勢於半小時被撲滅，抽水馬達全毀；究竟是電線走火抑或馬達零件毀損短路所造成，仍需進一步調查釐清。119勤指中心中午12點23分接獲報案，立刻出動第三大隊竹圍、大竹、山腳、蘆竹等分隊8輛消防車、1輛救護車、26名消防救護人員前往搶救，火勢於12點47分獲得控制，12點55分撲滅，釀災的抽水馬達全毀，燒毀面積1平方公尺。請繼續往下閱讀...消防人員到場發現，現場為地上2層、地下1層鋼筋混凝土RC結構建築，起火點位於地下一樓，消防人員除布設水線外，也將原打算午休的4名老師及53名幼童緊急疏散至安全處，所幸無人受傷受困。熱門賽事、球星動態不漏接    ,https://news.ltn.com.tw/news/society/breakingnews/5261161
下班「警察雷達」也在線！台中男大生ATM前一動作 暖警即時阻詐,社會,2025/11/28 15:24,警方將男大生帶回警所查看手機對話，確認是詐騙手法及時阻詐。（警方提供）不打烊的「警察雷達」再次發揮！台中第二分局育才派出所警員蕭棋擇，前晚下班路過郵局時，發現一名男大生在ATM前一邊操作一邊講電話，情緒緊繃、動作急促，立即識破詐騙徵兆，當場制止並將對方帶回派出所核對訊息，成功阻止他被詐團騙走辛苦積蓄。據了解，蕭員當時已下班，經過北區三民路三段郵局時，目光掃到ATM前的吳姓男大生正「手機講不停」，不但不斷點頭回應電話指示，還頻頻進行ATM操作，動作緊張又倉促，直覺不對勁的蕭員立刻上前詢問，並將他帶返派出所，由值班員警沈炳叡進一步協助。請繼續往下閱讀...警方查看吳生手機對話內容後，一眼就看出這是熟悉的「假買家、真詐騙」套路，詐團先假裝買家，以「付款到PChome物流」為藉口，誘導他到ATM進行所謂的「交易保障認證」，並要求加入假冒物流客服和郵局專員的LINE帳號，以語音操作方式催促他完成步驟，讓被害人誤以為流程標準又專業。然而吳生其實只是想在Threads上出售一張偶像小卡，卻因詐團話術太逼真被牽著走，若非蕭員下班仍保持警覺，他的帳戶早已被清空，吳生得知差點落入陷阱時，驚魂未定，感謝員警保住自己的血汗錢。第二分局長鍾承志提醒，網路買賣務必提高警覺，「只要談到ATM、要求認證、加入奇怪帳號，就是詐騙！」民眾若接到可疑電話或訊息，務必撥打165反詐專線，或直接向附近派出所求證，避免落入圈套。熱門賽事、球星動態不漏接    ,https://news.ltn.com.tw/news/society/breakingnews/5261065
軍備局前少將貪污判12年丟退休俸 檢上訴：罪行重大判太輕,社會,2025/11/28 15:20,國防部前少將張大偉涉貪一審被判刑12年，上訴後吐出2800萬賄款，請求輕判，高等法院今開庭，高檢署認為一審判刑過輕。（記者楊國文攝）時任國防部軍備局工程營產處少將處長張大偉被控利用空軍作戰指揮部「福興營區」改建案貪污，涉嫌向標下工程的中華工程公司索賄4500萬元，得手2800萬元，一審即認罪，卻辯稱已把其中2000萬元放進金爐花2天燒光、其他的已花光，被依貪污罪重判12年徒刑；高等法院今審理，張大偉和律師主張，張上訴高院後已繳回2800萬元，主張一審判刑太重，但高檢署仍主張，張收賄罪行重大，應加重其刑，下次庭期定明年2月6日。張大偉（58歲）因此貪污案遭國防部免職，監察院也將他彈劾，移送懲戒法院進行懲戒，懲戒法院判張免職確定，張亦被剝奪領取月退俸資格。請繼續往下閱讀...檢方調查，2017年間，預算達30億4000萬元的國防部「公館營區營舍整建統包工程」標案由中華工程得標，張大偉涉嫌索賄，金額由3000萬元一路提升至4500萬元，最後得手2800萬元。新北地院審理時，張大偉認罪，卻推說是中工主動行賄，且約定金額僅3000萬元，而他沒看過這麼多錢、也怕家人知道，一直藏在家裡，得知檢調盯上後，已在親戚家金爐內把2000萬元燒光，餘款則用於裝潢士林房產及生活開銷。新北地院去年11月審結，依貪污罪的職務行為收賄判張大偉12年徒刑、褫奪公權6年；同案被告方面，威京集團總裁沈慶京胞弟、時任中工董事長兼總經理辦公室主任的沈慶光被判刑4年，另有中工多位主管、白手套等亦被判刑。全案上訴到高等法院行準備程序庭，高檢署公訴檢察官羅松芳斥責張大偉身為少將，其貪污情節曲折，而國家名器卻變成貪污工具，張大偉前後收取的款項，就是要繳回，否則開庭沒有意義，檢察官無法容忍張大偉還擁有犯罪所得，「服刑完畢回頭享受犯罪所得」；羅堅稱「繩之以法的前提，就是把貪污的錢拿出來」，張要把錢繳出來，再行審理。高院認為羅松芳主張有理，諭令張大偉應將賄款繳回，張認罪，將賄款2800萬元繳回國庫。高院今上午開庭，傳喚張大偉、沈慶光（72歲）等人出庭，檢方對張、沈均提起上訴，高檢署主張一審判刑太輕，張未於第一時間、而是直到上訴高院才將2800萬元不法繳回國庫，並無減刑的適用。不過，張大偉和沈慶光均主張一審判刑過重，檢方上訴無理由，張和律師指出，張一審即認罪，也繳回犯罪所得，具悔意，一審判刑太重。威京集團總裁沈慶京胞弟、時任中工董事長兼總經理辦公室主任沈慶光，涉營區改建案，一審被判刑4年，全案上訴，高院今開庭。（記者楊國文攝）熱門賽事、球星動態不漏接    ,https://news.ltn.com.tw/news/society/breakingnews/5261184
阿兵哥鎖車門、按頭逼口交 少女不從慘被掐脖挨巴掌,社會,2025/11/28 15:15,松姓職業軍人逼迫少女與其發生性行為，偵訊及審理期間均辯稱「忘記了」、「不記得」。示意圖。（資料照）松姓職業軍人與14歲少女小寧（化名）在網路上認識，兩週內三度逼迫對方與其發生性行為，偵訊及審理期間均辯稱「忘記了」、「不記得」，全盤否認犯行。士林地方法院審理，依刑法「對於十四歲以上未滿十六歲之女子為性交罪」共3罪，判處有期徒刑1年6個月，全案可再上訴。判決指出，松男去年7月透過交友軟體「探探」結識小寧，雙方並交往發展為男女朋友。他明知小寧未滿16歲，卻仍於兩週內犯下三次性交行為，第1次先於夜市旁的停車場，在車內發生性行為；第2次則是同日晚間，在汽車旅館房內再次發生性行為；兩週後，又在沙崙夜市旁的停車場，逼迫小寧在車上發生性行為。請繼續往下閱讀...小寧證稱，她先前已透過LINE告知松男真實年齡。她描述，兩人在車內第一次發生性行為時是應對方要求，儘管她當下已經拒絕，但他仍反鎖車門，並一度對她壓頭要求口交。在第三次犯案時，因她不願意配合，則遭到松男打巴掌、掐脖子、打屁股等暴力行為。檢警調查發現，松男的行車軌跡紀錄顯示，三次犯案時間點內，車輛確實曾出現在沙崙夜市停車場及米蘭莊汽車旅館周邊，與小寧證詞相符。此外，社工在小寧收假時發現她攜帶事後避孕藥「愉婷錠」空殼，經詢問後，小寧才坦承與松男發生性行為，而小寧的母親亦證稱曾要求女兒購買並服用避孕藥。法院審理認為，松男明知小寧仍處於身心與人格發展重要階段，對性行為智識尚未成熟，卻仍執意犯案，法紀觀念淡薄，嚴重影響少女身心發展；另衡量松男始終矢口否認全部犯行，辯稱「忘記了」、「不記得」，且未與被害人達成和解或賠償損失，犯後態度不佳，審酌所有情狀，將3罪各判處有期徒刑8個月，定應執行刑1年6個月。全案仍可上訴。熱門賽事、球星動態不漏接    ,https://news.ltn.com.tw/news/society/breakingnews/5261074
蝦皮買假證書錄取榮總後自首 蝦皮︰下架且凍結帳號 配合檢警究責,社會,2025/11/28 15:06,高雄榮民總醫院台南分院。（資料照）台南一名女子異想天開，為了順利獲得護理師職位，竟然透過蝦皮購物網站，買來整套偽造的護理師國考證書與中科大學士學位證書。她接著持假證件前往高雄榮民總醫院台南分院應徵，竟一路過關斬將、順利錄取。但她上工僅兩天後就因心虛，自己主動自首。全案經法院審理，依行使偽造特種文書罪，判處她拘役50日、緩刑2年，還必須進行40小時義務勞務。蝦皮購物說明，此案件經確認為賣家規避平台監管上架違規商品，平台於發現後已第一時間完成下架並永久凍結帳號，並依規定配合檢警提供相關資料。事後亦已進行全面清查，將相關違規商品預防性下架，避免再次出現。蝦皮呼籲賣家勿以身試法，違規上架商品帳號將面臨平台懲處並配合檢警追究法律責任。請繼續往下閱讀...綜合媒體報導，判決書指出女子明知自己不具備考試院核發的護理師資格，亦非國立臺中科技大學學士畢業，卻基於行使偽造文書的犯意，先後於民國111年9月間及113年6月間，自蝦皮上購入偽造的考試院考試及格證書、護理師證書以及國立臺中科技大學學士學位證書。今年5月間，女子前往高雄榮民總醫院臺南分院面試護理師職位時，謊稱自己已具備護理師證書且為國立臺中科技大學畢業。面試人員因此誤信其資歷，審核後通知她入取。她隨後於今年6月9日前往高雄榮總臺南分院辦理報到手續時，將上述偽造文件交付給院方，此舉已構成行使偽造特種文書的行為，足以損害衛生福利部對於護理師資格管理的正確性。不過，女子到職工作後，心理壓力巨大，最終主動前往臺南地檢署自首坦承犯行，院方認為她的行為符合自首要件，依刑法第62條規定減輕刑責。臺南地院指出，該女子未通過國家考試、未領有護理師等證書，卻向醫院以偽造特種文書應徵護理師。而護理業務涉及高度專業性，攸關他人生命、身體健康，不應輕縱。但考量女子實際到職工作時間短暫，未造成他人生命或身體危害，且她能主動自首、深表悔意，兼衡其智識程度與經濟狀況，最終依行使偽造特種文書罪，判處拘役50日，得易科罰金5萬元，並給予緩刑2年，緩刑期間須付保護管束並提供40小時義務勞務。全案可上訴。女持「假護理師證書」獲錄取 台南高雄榮總：察覺有異立即停止任用熱門賽事、球星動態不漏接    ,https://news.ltn.com.tw/news/society/breakingnews/5261051
高雄烤漆工廠大火濃煙直竄 消防局出動26車灌救,社會,2025/11/28 14:50,高雄市孝順街烤漆工廠下午傳出火警。（民眾提供）高雄市三民區孝順街1家烤漆工廠，今（28）日下午近2點時傳出火警，該工廠位於寶珠溝畔的鐵皮工廠，大火在工廠內不斷燃燒，冒出大量黑煙直竄，消防局出動26車63人前往搶救，初步了解無人受傷受困，不過疑似廠房內有易燃物，火勢已燃燒近30分鐘還在緊急搶救中。高雄市消防局表示，這起工廠火警後續共出動32車70人前往搶救，現場為鐵皮工廠建築物燃燒爐具，於下午2點41分控制火勢，2點46分火勢撲滅，無人受傷受困。熱門賽事、球星動態不漏接    ,https://news.ltn.com.tw/news/society/breakingnews/5261139
「招牌太亮」公車司機撞上路人 車上母女檔摔倒在地,社會,2025/11/28 14:43,呂男駕駛藍37路公車撞上胡姓少年，呂男稱因超商招牌太亮擾亂視線。（記者徐聖倫翻攝）呂姓公車司機駕駛「藍37路」公車行經新北市新莊，經過一處街口未注意過馬路少年，與之發生碰撞；呂男發現碰撞後急煞車，車上一對母女檔乘客也因此摔傷。警方據報趕抵，還好當下公車車速不快，少年僅皮肉傷，車上的母女檔乘客也是輕傷。呂男說，當時看到前方招牌太亮，才會沒注意到行人。據了解，呂男昨下午5時許駕駛藍37路公車行經新莊區雙鳳路，15歲胡姓國中生依規定走人行穿越道過馬路，不料呂男完全沒注意到胡生經過直接撞上，胡生當場倒地。呂男發現碰撞後急煞車，而反作用力太大，乘客林姓婦人與她的8歲女兒因而摔倒在公車走道。請繼續往下閱讀...警方、消防據報趕抵，即刻查看胡生、林婦母女3人傷勢，還好3人幸運均皮肉傷，未傷及要害，3人送醫包紮後無大礙。警方對呂男酒測，呂男酒測值0沒有酒駕，他向警方供稱，他行駛到事發地時，因為看到前方某超商招牌實在太亮，影響他的視線，所以才沒有注意到胡生過馬路。警方表示，呂男已違反「道路交通管理處罰條例」第44條，有行人穿越時，不暫停讓行人先行通過，可開罰新台幣1萬8千元以上，3萬6千元以下罰鍰，吊扣駕照1至2年。熱門賽事、球星動態不漏接    ,https://news.ltn.com.tw/news/society/breakingnews/5261140
買完早餐再也回不了家！霧峰男騎車自撞路樹爆頭身亡,社會,2025/11/28 14:33,周男騎機車自撞路樹身亡。（民眾提供）台中市霧峰區今（28日）清晨發生一起死亡車禍，46歲周姓男子騎車外出買早餐返家途中，不明原因偏離車道，先擦撞人行道路緣再衝撞路樹，頭部受重創倒地，送往大里仁愛醫院搶救仍宣告不治，現場散落的早餐袋，也讓人看了不勝唏噓。事故發生在今天凌晨5時48分，地點位於霧峰區環河路一段，警方與救護人員到場時，周男已無呼吸心跳，臉部多處骨折，胸部疑似因強烈撞擊產生皮下嚴重氣腫，雙腿與右前臂也出現明顯骨折，警消立即施以急救並火速送醫，但仍回天乏術。請繼續往下閱讀...從現場狀況研判，周男當時獨自騎機車沿環河路往烏日方向行駛，騎至事發路段時突然偏離車道，先撞上人行道的路緣，再失控滑行數公尺，最終頭部猛烈撞擊路旁路樹，除了機車車頭全毀，剛買好的早餐散落在車旁，顯示事故發生突然，撞擊力道相當驚人。警方表示，目前尚無證據顯示周男酒後騎車，但已報請檢方核發血液檢測鑑定，待化驗結果出爐後，才能釐清是否與酒精或身體因素有關，初步排除與其他車輛碰撞的情形，詳細事故原因仍待進一步調查。事故現場令人怵目驚心。（民眾提供）熱門賽事、球星動態不漏接    ,https://news.ltn.com.tw/news/society/breakingnews/5261107
男誆「隔空解鎖」救FB、lG 假駭客真詐騙吞訂金,社會,2025/11/28 14:31,男誆「隔空解鎖」救FB、lG，送貨員林男假駭客真詐騙吞訂金。（民眾提供）高雄一名送貨員林姓男子（30歲）被控在社群平台張貼廣告，稱有能力破解程式、阻斷攻擊，還提供偽裝駭客攻擊等服務，若IG、FB遭鎖，還能隔空解鎖，結果收取6人訂金後失聯，刑警大隊將他逮捕送辦。高市刑大今（8）日表示，民眾向警方報案指在社群平台，看到涉案人張貼可幫助解除社群帳號封鎖、尋人及查找地址，甚至還有駭客攻擊（破解程式、阻斷式攻擊、監控）的廣告服務，還提供「價目表」，吸引至少6名被害人聯絡，共付訂5萬元後消失無蹤。請繼續往下閱讀...其中一名陳姓男大生因lG被鎖，擔心被駭失去IG珍貴、懷念的照片，一口氣付全額費用3萬元，也同時上IG官網求助，果然回復原狀，官網也回覆「已修復」，被封鎖的帳號雖然已恢復正常，但經深究才發現並非因林嫌協助解鎖，驚覺林嫌詐欺解鎖費用，男大生立刻向警方報案。高市刑大獲報後組成專案小組，經查調資料及蒐證完備後，報請橋頭地方檢察署檢察官指揮偵辦，前日前往林男楠梓住處搜索、拘提，同時起獲手機、帳戶存摺本等關鍵證物。刑大大隊長鄢志豪表示，民眾使用網路帳號如遭盜用、冒用或封鎖停權等，宜尋求正式官方管道（網站）進行申請恢復使用權，切勿輕信來路不明的廣告或帳號，避免落入詐騙陷阱。如有任何標榜「快速解封」、「內部後門」、「黑客技術」等疑似詐騙情事，請立即撥打165反詐騙專線查證，以保障自身權益。送貨員林男誆「隔空解鎖」救FB、lG，假駭客真詐騙吞訂金，還有價目表。（民眾提供）送貨員林男在社群平台登詐騙廣告。（民眾提供）熱門賽事、球星動態不漏接    ,https://news.ltn.com.tw/news/society/breakingnews/5261059
吃碗粿遇惡煞被逼自慰「射滿一杯子」才准走 同夥逃9年可免關,社會,2025/11/28 14:30,許男落跑被通緝9年才落網，被法官依妨害自由罪判刑6月，得易科罰金。（資料照）蘇姓男子半夜到碗粿店吃消夜，結果被許姓男子等人遇見，許男同行的張姓女伴向林姓男友告狀，聲稱自己曾被蘇男性侵，許男等人幫忙出氣壓走蘇男，囚禁凌虐一番後，逼他自慰「射滿一杯子」才同意讓他離開，蘇男「氣力放盡」後仍達不到要求，再被逼簽和解書並拿出5萬元賠償，警方獲報循線逮人，但許男落跑被通緝9年才落網，被法官依妨害自由罪判刑6月，得易科罰金。判決指出，2015年11月5日深夜11點多，許男一行人到鳳山區某碗粿店吃宵夜，與許男同行的一名未成年張姓少女看到蘇姓男子也在店裡吃宵夜，於是向林姓男友（妨害自由等罪判刑1年8月）告狀，聲稱自己曾被蘇男性侵，林男氣憤難平，一行人將蘇男押走，帶至鳳仁路一處房屋內囚禁。請繼續往下閱讀...林男等人要蘇男提出解決辦法，蘇男說自己沒有性侵張女，林男等人拿出椅子、木棒、球棒及電擊棒開始毆打蘇男，林男還拿電擊棒電擊蘇男下體，並要求他脫光全身衣物，逼他自慰射滿「射滿一杯子」才同意讓他離開。蘇男被迫自慰後仍無法達標，再被林男等人以剃刀、刮鬍刀剃除他的頭髮、眉毛，隨後拿出一張白紙讓蘇男寫下和解書，並要求他賠5萬元才放他離開；蘇男獲釋後報警，林男一行人陸續被逮並判刑，同時同行的許姓男子則落跑被通緝9年後才落網，高雄地方法院審理時，許男坦承有幫忙開車押走蘇男，被法官依妨害自由罪判刑6月，得易科罰金，可上訴。熱門賽事、球星動態不漏接    ,https://news.ltn.com.tw/news/society/breakingnews/5261024
不甩保護令 家暴男至妻家潑汽油 檢以家暴罪嫌起訴,社會,2025/11/28 14:25,徐姓男子在保護令有效期間，找妻子理論發生口角，竟大肆潑灑汽油，檢方偵結，全案以違反家庭暴力防治法等案件提起公訴。（示意圖）徐姓男子對妻女因家暴行為，遭桃園地院於去年10月核發暫時保護令，未料，徐男於今年1月4日晚間、保護令有效期間，持6公升汽油的塑膠桶找妻子理論，發生口角，竟把汽油朝妻子住處前停放機車、盆栽及雜物等處大肆潑灑，檢方偵結，全案以違反家庭暴力防治法等案件提起公訴。檢察官認為，徐男潑汽油行為係犯家庭暴力防治法第61條第1款之違反保護令、刑法恐嚇危害安全、預備放火燒燬現有人所在之建築物等罪嫌，被告以一行為同時觸犯上開3罪名，為想像競合犯，請依刑法規定從一重論處。請繼續往下閱讀...另徐姓男子於去年8日晚間，駕駛自用小客車搭載2兒女離開妻子住處，於隔日起陸續透過LINE傳送「無所謂，徐○○昨晚太吵，我路邊就踢下車了」、「你也必須為你自己不聞不問付出代價」、「要帶2個小朋友一起去跳海」等語；檢方認為，被告涉嫌恐嚇罪，由於各犯罪行為間獨立性極為薄弱，主觀上應係出於單一之犯意，應視為數個舉動之接續施行，請論以接續犯之一罪。另被告所潑汽油、恐嚇妻子犯罪事實，犯意各別，行為互殊，檢方也建請院方分論併罰。☆民眾如遇同居關係暴力情形，可撥打113保護專線，或向各地方政府家庭暴力防治中心求助。☆熱門賽事、球星動態不漏接    ,https://news.ltn.com.tw/news/society/breakingnews/5261052
排氣管噪音太吵惹警攔查 水電工蛇行、闖紅燈判罰12萬,社會,2025/11/28 14:19,游姓水電工騎車途中，因排氣管噪音太大，惹來警方攔查，游不僅不停車受檢，還加速一路蛇行、超速、闖紅燈，金山警方攔到他開了9張罰單，並依法送辦。（記者林嘉東翻攝）游姓水電工騎車途中，因排氣管噪音太大，惹來警方攔查，游不停車受檢，反加速一路蛇行、超速、闖紅燈，還好未釀成事故。警方攔下他後發現，他竟然無機車駕照，一連開了9張罰單給他。基隆地院審結依游男犯公共危險「妨害公眾往來安全罪」判處4月徒刑，得易科12萬元罰金。游姓男子去年7月11日近1時許騎車載張姓少年，騎經新北市金山區中山路、中興路口時，因機車排氣管噪音過大，遇警攔查，游男不停車受檢，反加速逃逸，以高速沿淡金公路騎往石門，沿途均打方向燈，任意變化車道，途經中正與環金路口、淡金與跳石路口、淡金與忠義路口、台二線35.6公里處、淡金公路口、淡金與乾華路口、淡金與阿里荖坑路口、台二線33公里處。請繼續往下閱讀...警方最終在新北市石門區台二線31.7公里逮到游男，發現游男竟然無駕照，不僅超速、蛇行，還闖紅燈，一共開了9張罰單給他，並依涉犯公共危險罪嫌送辦。檢方調查後將游男起訴。法院審理時，游坦承犯行，法官依游犯公共危險「妨害公眾往來安全罪」，判他4月徒刑，得易科12萬元罰金。熱門賽事、球星動態不漏接    ,https://news.ltn.com.tw/news/society/breakingnews/5261019
驚！貨車撞斷護欄 大木棍砸下幸無人經過,社會,2025/11/28 14:10,大木棍從天而降砸到機車道，所幸當時無機車經過。（圖由警方提供）驚！1輛大貨車今天（28日）凌晨行經彰化市曉陽地下道上方的便道時，不慎撞斷木質護欄，導致大木棍從天而降砸向下方的機車道，所幸當時無機車經過，否則後果不堪設想，貨車闖禍後並未停下而是逕直離去，彰化市公所據報立即派員拉起封鎖線，並通報彰化警分局，通知大貨車駕駛到案，將對肇事駕駛求償10萬元。彰化市公所指出，這起事故發生在今天凌晨零點多，貨車撞壞曉陽地下道上方的木質護欄，貨車已離開現場，還好當時下方的機車道沒有機車經過，否則一旦大木棍從天而降砸到機車騎士，後果不堪設想。警方則表示將調閱監視器，通知肇事駕駛到案說明。曉陽地下道上方的木質護欄缺口，已拉起封鎖線。（圖由民眾提供）曉陽地下道上方的木質護欄被撞斷，拉起封鎖線。（圖由民眾提供）熱門賽事、球星動態不漏接    ,https://news.ltn.com.tw/news/society/breakingnews/5261094
62歲男子持刀殺害58歲妻後自戕獲救 屏檢依殺人罪起訴,社會,2025/11/28 14:09,屏市一間透天厝發生殺妻命案，薛男持刀殺害妻子後自戕獲救。（資料照）屏東市62歲薛姓男子今年7月間在家與58歲的陸姓妻子發生爭吵後，竟持刀殺害妻子，薛男行凶後持刀自戕，經送醫治療已無大礙，屏東地檢署於25日偵結全案，依殺人罪起訴薛男，該案移審屏東地院後，法官裁定接續羈押薛男。從事3C系統整合儀器及電腦自動化圖控儀電工程的薛男，與陸姓妻子結婚超過30年，育有2女1子，子女擔心父母年事漸長，在客廳和廚房安裝監視系統，今年7月間，住在高雄的大女兒從手機連線中聽到母親慘叫聲，因鏡頭未拍到人，打電話回家沒有人接，趕緊開車回屏東，驚見父母在廚房倒臥血泊中，報案求救。請繼續往下閱讀...警方發現陸姓婦人肩膀、胸口等部位有多處刀傷，因失血過多，送醫搶救仍傷重不治；丈夫薛男行凶後持刀自戕，頸部、手腕多處刀傷，陷入昏迷，送醫救回性命，檢方偵辦後，認為薛男涉殺人罪嫌重大，向法院聲押獲准。據了解，薛家經濟無虞，夫妻感情還算和睦，但案發前薛男疑精神狀況不穩定，經常懷疑有人要害妻子、想騙妻子的錢，他叫妻子不要出門，夫妻因此爭吵，釀成悲劇。☆民眾如遇同居關係暴力情形，可撥打113保護專線，或向各地方政府家庭暴力防治中心求助。☆熱門賽事、球星動態不漏接    ,https://news.ltn.com.tw/news/society/breakingnews/5260989
彰化毒品唾液快篩8天查獲4件 2移工被通緝駕車遇攔檢落網,社會,2025/11/28 14:06,鹿港警方查獲北彰首起毒駕案。（圖由鹿港警方提供）警政署通令全國警察機關20日起展開「毒品唾液快篩試劑檢測」執法，彰化縣警察局8天來共查獲4件毒駕，其中鹿港警分局25日當街攔檢2名共乘轎車的印尼籍移工，經實施毒品唾液快篩呈陽性反應，這也是北彰化查獲首件毒駕案，員警更在車內起出安非他命等毒品，進一步清查2人都因毒品案遭通緝中，全案擴大偵辦。鹿港警分局頂番派出所長李柏勳及警員潘辰奕25日晚間執行巡邏勤務，在鹿港鎮彰頂路某超商前發現1輛轎車未依規定使用燈光（開啟霧燈），遂予以攔查，發現車上2人為印尼籍移工，員警眼尖發現車內藏有毒品分裝夾鏈袋數包，且右車門置物架上有電子菸彈1顆，進而查獲毒品安非他命12包、電子菸彈2顆、卡西酮咖啡包11包、電子磅秤等證物，立即對2人實施毒品唾液快篩檢測，結果駕駛呈陽性反應，成為啟用毒品唾液快篩後北彰化首件抓到的第1起毒駕案。請繼續往下閱讀...警方調查發現，該2名印尼移工疑誤交損友而染上毒癮，甚至分別遭台中及苗栗地檢署（恐嚇取財）發布通緝，因員警執行巡邏勤務發現可疑將其攔下當場識破逮送歸案。鹿港警察分局指出，依現行法規，只要駕駛人在毒品反應陽性下上路，就會面臨至少1萬5000元、最高12萬元罰鍰，車輛當場被扣，駕照也會被吊扣。如果因毒駕造成他人重傷或死亡，駕照更會被直接吊銷，終身不得再考。若拒測，罰責則更重，直接開罰18萬元並扣車；若後續尿液仍被驗出毒品反應，就會依公共危險罪移送。毒品唾液快篩試劑。（圖由鹿港警方提供）彰化縣警局模擬攔檢駕駛實施毒品唾液快篩。（資料照）熱門賽事、球星動態不漏接    ,https://news.ltn.com.tw/news/society/breakingnews/5261018
165防詐專線日接80通電話！詐防中心法制化啟航 劉世芳：將擴大編制,社會,2025/11/28 13:53,劉世芳指出，165防詐專線人員一天平均要接50至80通電話。（記者鄭景議攝）內政部警政署刑事警察局的「詐欺犯罪防制中心法制化作業」，經行政院核定後，已於今年11月7日生效實施，並於今（28）日舉行「詐欺犯罪防制中心法制化啟航典禮」。典禮由內政部部長劉世芳主持，總統府秘書長潘孟安及行政院政務委員林明昕皆出席。劉世芳指出，165防詐專線人員一天平均要接50至80通電話，詐防中心未來除了擴大編制，也將走向精準、專業、專責，讓反詐工作能夠精準結合新的偵查技術及培養打詐專門人才。潘孟安則表示，新的平台必須能夠進行情資整合，才能有效透過電信、金融系統，提前攔阻詐騙，並在事後對犯罪進行追查，將犯罪者繩之以法。這次推動法制化，這個新的打詐體制，需要我們公部門，包括金融單位、電信單位等共同努力。請繼續往下閱讀...林明昕則說，打擊犯罪是一場長期的戰役，詐防中心在法制化後，納入許多專業人才，強化防治詐欺力度。刑事局表示，政府自大前年推出「新世代打擊詐欺策略行動綱領」以來，打詐國家隊已從「識詐、堵詐、阻詐、懲詐」四大面向推動各項措施，逐步強化防詐鍊。去年7月，行政院公布《詐欺犯罪危害防制條例》等「打詐新四法」；同年11月再推出2.0版綱領，新增「防詐」面向，確立今年至2026年國家防詐工作的方向。打詐國家隊的策略已展現成效。自去年8月公布「165打詐儀錶板」以來，今年10月詐欺案件受理數為1萬3673件，較去年8月的2萬1244件，減少36%。財損部分，今年10月財損約60億元，較去年8月的138億元減少56%。其中，假投資詐騙減幅最大，案件與財損雙雙下降逾7成。詐欺犯罪防制中心指出，中心過去多年屬任務編組，為因應詐欺犯罪態樣快速變化，本次法制化從根本強化了中心的組織配置與專責定位。法制化後的中心，將能更明確整合各部會協作基礎，提升面對新興威脅的防詐治理能力，並深化國家對人民的安全承諾。內政部警政署刑事警察局於今（28）日舉行「詐欺犯罪防制中心法制化啟航典禮」。（記者鄭景議攝）「詐欺犯罪防制中心」揭牌儀式。（記者鄭景議攝）熱門賽事、球星動態不漏接    ,https://news.ltn.com.tw/news/society/breakingnews/5260981
19歲男無照上路撞車翻成「立筊」 還波及路旁汽、機車,社會,2025/11/28 13:49,19歲男無照開車上路，車禍翻車成「立筊」，還波及路旁汽、機車。（民眾提供）19歲王姓男子今（28）日凌晨4點多無照駕駛轎車上路，行經苗栗縣竹南鎮龍山路一段163巷與龍安街路口時，與55歲陳姓男子駕駛的轎車發生碰撞，王男所駕駛的轎車直接往前翻，轎車呈現立筊側邊立於地面，這起車禍還波及停放路邊的一輛汽車、2輛機車，詳細肇事原因尚待警方釐清。竹南警方表示，事發當時王男駕駛轎車沿竹南鎮龍山路一段163巷東往西行駛，陳男則開車自龍安街北往南行駛，雙方在路口發生碰撞後，王男所駕駛轎車失控直接往西邊翻撞，車子最後側立於地面停下，過程中波及1輛汽車與2輛機車，所幸雙方僅受輕傷，皆無酒駕，詳細事發原因仍待釐清。請繼續往下閱讀...竹南警方指出，將先針對王男無照開車開罰12000元，也呼籲民眾行經路口時應減速慢行、提高警覺，確實落實防禦駕駛，才能避免事故發生；務必遵守交通規則，未取得合格駕駛執照切勿駕車上路。19歲男無照開車上路，車禍翻車成「立筊」，還波及路旁汽、機車。（民眾提供）熱門賽事、球星動態不漏接    ,https://news.ltn.com.tw/news/society/breakingnews/5261045
台南新營住宅大樓工地火警  1工人受困電梯獲救,社會,2025/11/28 13:30,新營住宅大樓工地起火，消防灌救中。（記者楊金城攝）首次上稿12:26更新時間13:30台南新營區長榮路1棟住宅大樓工地今天（28日）上午11點多發生工地火警，竄出黑煙，因香港「宏福苑」大火造成嚴重傷亡事件才剛發生，台南市消防局第一大隊不敢大意，立即調派大批消防車前往灌救。這棟15樓高的住宅大樓，目前興建至9樓，疑從樓層竄出火煙，無人員受困，現場也出動雲梯車到場救援中。請繼續往下閱讀...台南市消防局在上午11點半接到火警通報後，出動12車、警消24人到場救援，起火點疑在7樓高，延燒到8F，其灰燼掉落到B1管道間，從樓頂竄出火煙。火勢在中午12點半控制，持續滅火中。其中有名工人在6樓因停電，受困在工地電梯，也順利救出。這棟大樓預計興建15樓，為2至4房格局，因位在體育場對面、鄰近國圖，交通便利、生活機能佳，已經完售，目前興建至9樓。建商工地主任說，大樓設有臨時設置的垃圾管道間，疑從中起火，工人在發生火警後全都安全撤出。在大樓工地樓頂灌救。（民眾提供）上到頂樓工地撲滅火勢。（民眾提供）熱門賽事、球星動態不漏接    ,https://news.ltn.com.tw/news/society/breakingnews/5260947
台中休旅車猛撞「環保局車隊」！3人送醫 現場畫面曝光,社會,2025/11/28 13:06,事故現場一片狼藉。（民眾提供）台中市西屯區今（28日）清晨發生一起連環追撞事故，造成3名清潔隊員受傷送醫，其中1人左腿骨折，另2人分別手部擦挫傷與背部疼痛，所幸皆無生命危險，消防人員迅速將傷者分別送往林新醫院及澄清醫院救治，目前皆意識清楚，詳細事故原因由鑑定單位調查。事故發生在今天清晨7時17分，地點在西屯區台灣大道二段慢車道，從現場照片可見，垃圾車停靠在綠帶邊執勤收運垃圾，前方的環保局公務小貨車車尾明顯凹陷變形，車斗內物品散落一地，甚至被撞噴至休旅車前方，場面凌亂，深藍色休旅車停在最右側，車頭緊貼小貨車後方，可見碰撞力道不小。請繼續往下閱讀...經查，30歲呂姓男子當時駕駛休旅車沿台灣大道直行，不明原因追撞前方正在執勤的環保局小貨車，衝擊力更把小貨車推向前方正進行收運作業的垃圾車，小貨車駕駛蔡男（25歲）因此手部擦挫傷，而站在垃圾車後方協助作業的清潔隊員陳男（40歲）、顏男（41歲）也遭波及，陳男左腿骨折、顏男後背疼痛。消防局獲報前往救援，當場進行初步評估後迅速送醫，雖然傷勢不一，所幸均未有生命危險，現場因事故占用慢車道，加上垃圾車作業時間本就交通繁忙，一度造成車流回堵，警方現場疏導迅速恢復交通順暢，並對兩名駕駛進行酒測，確認並無飲酒，至於休旅車為何撞上前方車輛，詳細事故原因由鑑定單位調查。釀禍的休旅車。（民眾提供）遭追撞的垃圾車。（民眾提供）熱門賽事、球星動態不漏接    ,https://news.ltn.com.tw/news/society/breakingnews/5260990
同名同姓誤抓？ 雲林男在阿布達比獲釋、吐露難熬與孤單,社會,2025/11/28 12:52,在阿布達比機場遭帶走扣留多日，陳男今天上午平安獲釋。（陳妻提供）雲林縣66歲的陳姓男子與妻子，在11月23日搭機前往土耳其伊斯坦堡旅遊，陳男在阿布達比轉機時遭當地荷槍實彈的武裝人員帶走，台灣時間今（28）日上午6點左右平安獲釋；陳男透過line跟妻子簡述遭拘禁4天狀況及心情是「難熬與孤單」，他說可能是與另1名不認識的嫌犯因為同名同姓才被冤枉、誤抓，12月3日到當地警察局報到即可解除禁令離開。陳男獲釋後透過line與妻子取得連繫，他指出，24日清晨飛機抵達阿布達比後就馬上當地人員帶走，在機場的國家安全部隊居留所待到隔天中午，又被送到另一處居留所待了6小時，後來又被送到杜拜一處拘留所，待了2個小時又被載到杜拜警察局，從25日晚上10點待到今天凌晨。請繼續往下閱讀...他說，在杜拜有幾個中國人和一名台灣人有好意關照他，另有幾名外國人也都像天使一樣地幫助他，還好自己會說一些英文，彼此可以溝通。陳男表示，自己應該是被同名同姓冤枉，因為對方指他去年10月在當地曾被判刑。杜拜當地開始休連假要到下週三才上班，他12月3日要到當地的警察局報到，解除旅行禁令後就可以離開。對於有雲林鄉親在阿布達比遭到扣留，雲林縣長張麗善今天受訪說，原因至今不明，但基於人權保障及國際庇護，縣府第一時間已尋求管道協助，也感謝立法院長韓國瑜、立委張嘉郡等人積極聯絡外交部等相關單位，協助陳男在今天早上已平安獲釋，基於人權保障及國人在國外的安全，希望外交部及相關單位要「硬起來」。熱門賽事、球星動態不漏接    ,https://news.ltn.com.tw/news/society/breakingnews/5260940
公公性侵媳婦懷孕 陪人工流產竟稱「怕村民說閒話」,社會,2025/11/28 12:49,媳婦被公公性侵懷孕，情緒崩潰，最後揭發公公惡行。（情境照）彰化一名公公，兒子因案入獄服刑，跟媳婦同住的他趁機性侵對方導致懷孕，還陪媳婦到婦產科做人工流產。媳婦精神崩潰，2度鬧自殺，才在友人的陪同下到警局報案，公公被起訴。該案審理時，公公矢口否認性侵，還說媳婦外遇，肚子被外面的男人搞大，「我跟她住一起」會被村人笑、沒面子，因此才陪同人工流產。法官認為公公說詞不足採信，判處1年6月徒刑。該案媳婦被性侵後，還得跟公公同住，精神狀況越來越差，第2次被性侵後，情緒崩潰，她把自己的遭遇告訴屏東友人，並暫住友人家，期間2度鬧自殺，就醫後發現罹嚴重憂鬱症，友人陪她去報案，公公的惡行才曝光。請繼續往下閱讀...判決書指出，媳婦沒有經濟能力，先生入獄後，因要扶養2名未成年的小孩，經濟上只能仰賴公公的援助。2022年2月間公公對媳婦性侵得逞，4月發現懷孕5週，媳婦在公公的陪同下到婦產科人工流產。媳婦身心受創，但不願找娘家求助，為了孩子，繼續跟公公同住，直到同年10月再被性侵，終於受不了，向屏東友人求助。公公全盤否認媳婦的指控，他說，兒子服刑，媳婦跟外面的男人有染才懷孕。他跟媳婦同住，媳婦肚子一天天變大，他們會被村人說閒話，他才帶媳婦去流產；因為他阻止媳婦跟「外面的男人交往」，媳婦懷恨在心，才會告他性侵。法官傳喚先生作證，先生說，他入獄3年來，爸爸都沒來面會，太太每個月初固定來面會一次，有向他提到公公會對她毛手毛腳，2022年下半年太太面會時臉色很不好，他才知太太罹患憂鬱症，太太對他說，公公若晚上喝酒，都會去敲她的門，對她動手動腳，「我是今天出庭作證，才知道太太做人工流產」。法官表示，被告罔顧倫常，為滿足自己的性慾，竟利用媳婦經濟依賴他的權勢關係，做出2次性交惡行，其中一次還造成對方懷孕，致成媳婦身心嚴重受創，惡性非輕，判處1年6月徒刑。熱門賽事、球星動態不漏接    ,https://news.ltn.com.tw/news/society/breakingnews/5260986
涉清潔隊賣官收賄！國民黨潮州鎮長周品全、鎮代主席王淑貞起訴,社會,2025/11/28 12:44,潮州鎮長周品全。（資料照）國民黨籍潮州鎮長周品全曾為郭台銘參選總統收購連署書遭羈押，去年交保復職後又涉嫌賣官收賄弊案，今天遭屏東地檢署依犯貪污治罪條例起訴，國民黨籍的鎮代主席王淑貞也因同案遭到起訴，鎮長、主席雙雙遭訴，創下地方自治的難堪紀錄。周品全曾因涉及違法為郭台銘收購連署書情節重大被屏檢聲押獲准，他在郭案中供出收購連署書的500萬元賄款是由國民黨籍屏東縣議長周典論交付，獲得檢方緩起訴處分（須支付公庫50萬元），復職後又被舉報在鎮公所招考清潔隊員時涉賣官情事。請繼續往下閱讀...屏東地檢署今天發出新聞稿指出，周品全鎮長期間涉嫌濫用其對清潔隊員人事核定職權，與潮州鎮代會主席王淑貞等人勾結，透過內定方式綁樁，協助王的親屬及民間友人子女共7人錄取清潔隊員，每名清潔隊員賄款金額介於30萬元至80萬元不等，計共收賄390萬元。不僅如此，周品全及王淑貞還在任內多次將公務車供私人使用並核銷油料費用，造成公帑損失。檢方全案偵結後，今天依貪污治罪條例起訴周品全及王淑貞，周的石姓妻子替周收錢遭洗錢防制法起訴，其餘穿梭於行賄與受賄雙方的鄭姓、陳姓、陳姓等被告也遭貪污治罪條例起訴，至於涉嫌行賄為親屬買官的楊姓、陳姓、陳姓、陳翁姓、林姓、林姓、陳姓及黃姓等被告，也因「非公務員對於公務員關於不違背職務之行為交付賄賂罪嫌」起訴。熱門賽事、球星動態不漏接    ,https://news.ltn.com.tw/news/society/breakingnews/5260961
上班途中遇死劫！宜蘭50歲婦人遭闖紅燈騎士高速撞飛,社會,2025/11/28 12:08,駱女被撞後面部朝下倒地不起。（民眾提供）宜蘭縣五結鄉今早發生1起死亡車禍，50歲駱女上班途中，騎機車自待轉區綠燈前行，卻遭闖紅燈的19歲王姓騎士在路口攔腰撞上，因高速撞擊造成駱女當場被撞飛倒地，路面滿是血跡，送醫急救宣告不治，王男則受輕傷，被依涉犯過失致死罪送辦。駱女今早騎乘機車在五結中正西路待轉區待轉，綠燈後往中正東路方向行駛，剛起步不久，就被從中正西路準備往羅東方向騎乘的王姓騎士，闖紅燈高速撞飛，因撞擊力道猛烈，她在路口連翻4至5圈後，最後面部朝下倒地不起，雖有戴安全帽保護頭部，但鮮血仍不斷流出。請繼續往下閱讀...車禍當下正值上班尖峰時刻，不少用路人被突如其來的巨大碰撞聲響嚇壞，2部機車在路口相撞後，也衝飛至中正路北上車道占用路面，所幸未波及其他人車，但一度造成交通堵塞，現場滿是機車零件碎片及血跡，畫面相當驚悚。警消到場駱女已無生命徵象，緊急送醫急救，仍因傷重宣告不治，王男則受輕傷送醫，經檢測王男無酒精反應，被依涉犯過失致死罪送辦，詳細車禍原因尚待警方釐清。駱女被撞後倒地，在路面連翻多圈。（民眾提供）駱女自待轉區綠燈前行，卻被闖紅燈的王男在路口高速攔腰撞上。（民眾提供）熱門賽事、球星動態不漏接    ,https://news.ltn.com.tw/news/society/breakingnews/5260913
可惡！詐團爽開勞斯萊斯、賓士超跑 屏警查扣上億不法財物,社會,2025/11/28 12:03,屏東縣警方查扣詐團爽開的勞斯萊斯、賓士超跑、瑪莎拉蒂等豪車。（記者羅欣貞攝）詐騙受害者陷入人生絕境之際，詐團卻爽開勞斯萊斯、賓士AMG超跑、瑪莎拉蒂名車，背名牌包、穿愛馬仕運動鞋，令人氣憤！屏東縣政府警察局本（11）月10日至21日配合全國打詐行動專案，瓦解48個詐騙集團、查獲197名嫌犯，查扣車輛25部、現金近2000萬元、價值約2165萬元的虛擬貨幣泰達幣以及多筆不動產，查扣不法財產高達上億元。屏東縣政府警察局今（28）日指出，專案期間破獲多起重大案件，包含跨縣市詐騙集團據點、虛擬貨幣交易所、8處跨境話務機房，甚至查獲四海幫成員、律師、地政士等黑幫分子及專業人士涉詐。請繼續往下閱讀...其中，內埔警分局從逮獲車手，一路向上追查出首腦，發現詐團成員出入以價值2、3千萬元的勞斯萊斯、1千多萬元的賓士超跑代步，落網時腳上還穿著3萬多元的愛馬仕運動鞋，奢華程度令人咋舌。恆春分局破獲刻偶師私下販售自己所雕製未經售權的布袋戲偶，每尊成本2萬多元卻賣10萬至20萬元，另也起出詐團成員爽開的瑪莎拉蒂休旅車。此次打詐行動更結合跨域力量，邀請「世界巧克力大賽冠軍」曾志元擔任金牌反詐代言人，他表示，曾遇詐團佯裝顧客購買巧克力，3萬多元的訂單，卻要他掃可疑的QR Code，所幸警方協助識破讓對方無法得手，他決定以職人精神與警政力量攜手，把反詐宣導推入百工百業，也提醒民眾不要貪心，就是跨出反詐的第一步。屏東縣府警察局長甘炎民表示，屏縣今年迄今的詐欺案件與財產損失呈現雙降趨勢：詐欺案件下降17%、財損下降10%，攔阻金額更成長16%，總計守住鄉親近1億8361萬餘元財產。同時警方共破獲詐欺集團81件586人，查扣不法所得較去年成長4倍以上。屏東縣長周春米對警察局打詐行動的亮眼成果表達高度肯定。她強調，縣警局全力配合警政署各項專案行動策略，對黑幫暴力與詐欺集團絕不寬容、絕不縱放，將持續展開高強度掃蕩勤務，全面壓制所有違法犯紀的不法分子，充分展現屏東警政守護鄉親的鐵腕決心與行動力。詐團爽開的勞斯萊斯價值達2、3千萬元。（記者羅欣貞攝）賓士AMG超跑價值千餘萬起跳，詐團豪奢行徑令人髮指。（記者羅欣貞攝）屏東縣長周春米帶領警察局公布打詐成果。（記者羅欣貞攝）恆春警分局破獲刻偶師私下販售未經授權的布袋戲偶，屏東縣長周春米肯定員警的努力。（記者羅欣貞攝）熱門賽事、球星動態不漏接    ,https://news.ltn.com.tw/news/society/breakingnews/5260895
被控背信造成全律會損失 前理事長尤美女不起訴,社會,2025/11/28 11:58,全國律師聯合會前理事長尤美女。（資料照）全國律師聯合會前理事長尤美女，因任內處理與台北律師公會有關會費的問題，及購置會館事宜，被控未經全體會員代表大會同意擅自做主，造成全聯會鉅額損失，被告發涉嫌背信，但台北地檢署調查後認為罪嫌不足，今日處分尤美女不起訴。告發內容指出，北律因積欠全律會前身「中華民國律師公會全國聯合會」會費及利息共1538萬餘元，經全聯會提訴求償；怎料，尤美女擔任全律會理事長期間，未經會員代表大會討論、同意，與北律達成免除巨額債務的協議，致全律會遭受高達1538萬餘元的損害。請繼續往下閱讀...另外，尤美女明知全律會在去年度的預算書並未編列「購買會館」的經費項目，竟擅自推動購買價值2.3億元的會館，並設定貸款抵押權，導致全律會存款一次性虧空，並背負鉅額房貸。檢方調查，全律會與北律之間的和解案，確實是由全律會成立的7人協商小組負責協商後，經理監事聯席會議及會員代表大會備查通過，和解內容不僅解決了雙方對於「律師學院」商標的爭議，也促進了全國律師的團結，難認尤美女有違背職務而損害全律會利益的行為。至於購置會館部分，檢方查明，全律會已於去年4月13日召開會員代表大會，並經超過三分之二出席會員代表同意「於2.7億（含裝潢等）內授權理事、監事聯席會議挑選交通便利、北車附近尤佳之物件購買」。相關程序符合《人民團體法》規定。此外，本案會館的購買價格與鄰近房地產行情相當，且租金收入足以支付貸款利息，未如告發所述造成全律會財務虧空或不當使用會務發展準備金。熱門賽事、球星動態不漏接    ,https://news.ltn.com.tw/news/society/breakingnews/5260897
家暴男把女友打到顱內出血 重傷罪判刑6年,社會,2025/11/28 11:46,法官以重傷罪重判邱姓男子有期徒刑6年。（資料照）32歲邱姓男子今年3月因細故與同居女友發生口角，竟拉女友頭部撞牆，還拿拔釘器毆打女友頭部，導致女友有顱內出血情形，所幸緊急送醫才倖免於難，檢方以殺人未遂罪嫌起訴，法官判決出爐，認為被告行為時並無殺人故意，變更起訴法條為重傷罪，但仍重判有期徒刑6年。法官認為，被告坦承以徒手方式拉同居情侶頭部多次撞擊牆壁，但否認持拔釘器毆打告訴人，考量兩人情侶關係，衝突起因為爭風吃醋，及事發後被告之急救行為，應認被告行為時並無殺人故意，變更起訴法條為重傷罪。請繼續往下閱讀...法官審酌，告訴人經接受治療後，仍受有單側手腳無法出力之重傷害結果，但考量被告犯後旋即呼叫救護車將告訴人送醫且坦承犯行；但斟酌被告先前已有數次違反家庭暴力防治法以及涉犯傷害罪刑經法院科刑紀錄等，故判處6年有期徒刑。檢警調查指出，邱姓男子與李姓同居女友於今年3月4日凌晨0時10分左右，在龍潭區中興路住處發生口角，邱竟徒手掌摑女友巴掌，以手拉扯女友衣領，並以拳頭打胸口，還持拔釘器毆打女友頭部，拉女友頭部多次撞擊牆壁，致女友頭部外傷併硬腦膜下出血及中線偏移、前胸多處鈍挫傷等傷害。熱門賽事、球星動態不漏接    ,https://news.ltn.com.tw/news/society/breakingnews/5260860
中風失智母賴床！子猛刺3刀奪命 判刑20年定讞,社會,2025/11/28 11:22,許姓男子疑似不堪長期照顧壓力，持刀刺死臥病在床的母親。（資料照）台南市歸仁區58歲男子許文吉，平時在家照顧中風臥床且失智的8旬老母親，疑承受長期照顧壓力，2023年12月13日清晨，只因不耐煩母親賴床不願起床、甚至故意跌倒，竟憤而持刀猛刺母親左胸3刀致死，事後割頸自殘再逃逸，傳訊息給胞妹說「我殺了媽媽，快回來收屍」。一審國民法官庭依殺害直系血親尊親屬罪，將他判處20年徒刑；二審維持原判；最高法院亦駁回檢、辯上訴，全案定讞。判決指出，2023年12月13日清晨5時多，許男因母親不願起床、還疑似故意跌倒在地，他竟氣到至廚房拿尖刀朝仰躺臥室地板上的母親左胸猛刺3刀，其中1刀還貫穿到背部。請繼續往下閱讀...事後，許男持刀到母親臥室內的廁所企圖割頸自殘，同日清晨6點10分許，他以手機傳LINE訊息給二妹說「不會痛了！」6時48分許男帶著兇刀騎腳踏車逃離住處，清晨7時傳LINE給二妹說「我殺了媽媽，趕快回來收屍」。二妹打電話聯絡與母同住的大姊前往查看，大姊才發現母親倒在臥室地板血泊中，報警叫救護車送醫急救，救至當天上午8時許，許母終因血、氣胸合併硬膜下出血，傷重不治。歸仁警方於同日上午11時45分許，在歸仁區崙頂二街旁的產業道路發現、逮獲許男，起獲凶刀，台南地檢署依刑法殺害直系血親尊親屬罪起訴。台南地院國民法官庭考量許男坦承犯行，部分家人諒解他，且其母兩度中風，都是他長時期陪同復健，花費心力照顧中風且輕微失智的母親一年半，認定他並非單純的不孝之子。考量許男缺乏長照老者的經驗與專業知識，承受主要照顧者的責任，身心負荷頗重，參考嘉南療養院的量刑鑑定報告，依殺害直系血親尊親屬罪，量處20年徒刑；檢、辯上訴二審、三審，都被駁回，判刑20年定讞。熱門賽事、球星動態不漏接    ,https://news.ltn.com.tw/news/society/breakingnews/5260831
全國模擬實境呼吸道插管競賽 南投消防員非六都第一,社會,2025/11/28 10:58,"全國呼吸道插管競賽，模擬5項高難度情境，考驗選手在高壓下插管技術與精準判斷藥物使用時機。（南投縣消防局提供）南投縣政府消防局碧興分隊隊員許秝豐與草屯分隊隊員白明倫，日前組隊參加中華緊急救護技術員協會舉辦的「第11屆全國呼吸道插管暨心肺復甦術競賽」，在模擬實境的呼吸道插管組中脫穎而出，奪得非六都組第一名特優，展現南投縣消防救護實力。南投縣消防局指出，中華緊急救護技術員協會辦理的競賽是國內急救領域年度盛事，22日於台中逢甲大學舉辦急救競賽，賽事分為呼吸道插管競賽、CPR競賽、MCPR競賽3大組別，其中呼吸道插管為急救最困難項目，僅開放具備醫師或高級救護技術員（EMT-P）資格者報名。請繼續往下閱讀...此次賽事針對插管競賽設計模擬5項高難度情境，進一步考驗參賽者臨場應變能力與技術，如在倒塌房屋廢墟情境，需在黑暗、狹窄且結構不穩的夾縫中對受困傷患實施插管；另在水域溺水情境，則要求選手於漂浮不定、劇烈搖晃的竹筏上施救，同時也結合臨床實務的「藥物輔助插管（Drug-Assisted Intubation,DAI）」概念，要求選手在高壓下精準判斷藥物使用時機。消防局長陳興傑表示，未來將持續強化高階救護技能培訓，精進救護人員於各類艱困情境中的處置能力，為縣民提供最優質的緊急醫療服務。全國呼吸道插管暨心肺復甦術競賽，模擬房屋倒塌等情境。（南投縣消防局提供）南投縣消防局碧興分隊隊員許秝豐與草屯分隊隊員白明倫，參加全國呼吸道插管競賽獲特優。（南投縣消防局提供）熱門賽事、球星動態不漏接    ",https://news.ltn.com.tw/news/society/breakingnews/5260814
投資比特幣慘賠 竹縣警員涉詐欺被約談25萬交保,社會,2025/11/28 10:46,新湖分局戴姓警員被告詐欺遭搜索，副分局長林瑞枋（圖中）今天對外強調他們絕不護短，協助檢方徹查。（新湖警分局提供）竹縣新湖警分局湖口派出所戴姓警員疑因借錢投資比特幣慘賠，無力還錢，被告涉嫌詐欺，前天（26日）被新北地檢署指揮警方搜索約談，最後25萬交保。新湖分局副分局長林瑞枋回應說，戴員從警未滿1年，他們針對警員違法案件，均主動調查，依法嚴處，絕不寬貸。請繼續往下閱讀...據了解，這名警員疑因個人財務壓力而借錢投資比特幣，但卻投資失利反而雪上加霜，以致無力還債被告詐欺。新北地檢署指揮新湖分局，於前天搜索戴男辦公室個人座位及其備勤室床位等，並帶回戴員偵訊，深入追查戴員相關的可疑金流，以釐清他是否涉及吸金、跟詐團有無關聯，深入調查中。熱門賽事、球星動態不漏接    ,https://news.ltn.com.tw/news/society/breakingnews/5260810
轎車跨中線碰撞對向車輛轉了180度 路過騎士：怎麼撞的？,社會,2025/11/28 10:46,莊姓男子駕駛轎車撞上護欄才停下。（警方提供）桃園市63歲莊姓男子27日上午11點左右，駕駛轎車行經平鎮區中豐陸橋時，疑因分心偏離車道，跨過中央雙黃線，與對向莊姓女子駕駛的轎車發生碰撞，莊女的轎車被猛烈側撞，轉了180度停在對向車道上，險些翻車，經過的機車騎士一度納悶：「到底是怎麼撞、誰撞誰啊？」警方表示，莊男當時駕車行經中豐陸橋，卻跨越中央雙黃嫌，撞上莊女駕駛的轎車右側，莊女轎車失控旋轉180度後，停在對向車道，過程中還碰撞本跟在莊男轎車前進的另1輛車。請繼續往下閱讀...交通事故的所有駕駛人都沒有酒駕，警方說，莊女駕駛的轎車上有1名乘客，手部挫傷，還好其他人都沒受傷，至於事故肇事責任，警方還要進一步調查釐清。莊姓女子駕駛的轎車被撞得旋轉180度。（警方提供）中豐陸橋一度因車禍雙向交通受阻。（警方提供）熱門賽事、球星動態不漏接    ,https://news.ltn.com.tw/news/society/breakingnews/5260785
土地公廟會計月薪僅6K 廟方挨告喊冤：他自願奉獻給神明,社會,2025/11/28 10:34,大寮區前庄福德宮蔡姓前會計認為遭廟方剝削薪資，但法官認為他不是受僱勞工，判敗訴。（翻攝廟方臉書粉專）蔡姓男子在大寮區前庄福德宮擔任會計，但他認為每月薪水僅1萬2千元，還被降薪到6千元，甚至還有3個月沒領過薪水，不符合勞基法規定，提告要求廟方返還他工作3年半來的73萬多元薪資差額，但廟方喊冤稱蔡男只是志工性質的會計，並非正式聘任，法官審酌相關事證後，採信廟方說詞，判蔡男敗訴。判決指出，蔡姓男子從2018年起在奉祠土地公的前庄福德宮擔任會計，工作內容除會計、出納等文書工作外，還有應付主委、總幹事、監事交派的事務，蔡男認為，自己從2020年1月開始向廟方支薪，但每月領到的薪水很不固定，最多時領到1萬2千元，甚至還有3個月沒領過薪水，且廟方也沒有幫他投保勞健保，廟裡缺廟公時期，他還要幫忙開、關廟門，因此2023年4月被解雇後，提告要求返還73萬多元薪資差額。請繼續往下閱讀...高雄地方法院審理時，廟方喊冤指稱，在台灣多數廟宇文化中，廟內職務多為信徒出於對神明奉獻目的無償擔任，蔡男原本無償管理廟方財務，直至2020年4月因廟宇重建，工作量增加，才撥給他每月1萬2千元報酬，後來又改為5千元，但廟方從來沒有正式聘任蔡男當會計，廟裡也沒有他的電腦、辦公桌，甚至蔡男上班也不用打卡，不來上班也不用請假，雙方並非僱傭關係，而是委任關係。法官傳喚廟方總幹事作證，總幹事稱，缺廟公的時期，都是他在清掃、擦拭供桌、奉茶等，另外爐主、頭家（選任經由向神明擲茭方式，自信眾中選出12人，每人輪一個月）10幾人輪流做開關廟門及上午打掃，一個人做一個星期，做完就離開，剩下都是他在處理，他與爐主、頭家都沒有支薪，都是志工性質，蔡男完全沒有幫忙做廟祝的工作，只有做他的會計工作而已。總幹事說，蔡男的工作內容是募款收錢、做帳及去匯款，報表是一年報告一次，是志工性質，不一定每天都要到，收完款就離開，沒有規定上下班時間，也沒有打卡，沒有遲到、早退；法官根據相關事證，採信廟方說詞，認定蔡男不符合勞基法規定的會計工作，因此判他敗訴，可上訴。熱門賽事、球星動態不漏接    ,https://news.ltn.com.tw/news/society/breakingnews/5260779
潮州警查獲男子毒駕 屏東首件「現場快篩告發再扣車」,社會,2025/11/28 10:30,員警發現黃男以詭異行徑騎乘機車。（警方提供）警政署本月20日全面啟動全國性「毒品唾液快篩」執法，屏東潮州警方也查獲毒駕，成為屏東縣首件「現場採證、立即告發」的毒駕違規案件，警方強調，若是拒檢，將比照酒駕開罰18萬元罰單，且同樣要「人車分離」，若是極有嫌疑，還會請檢方指揮，讓傷害沒有擴大的空間。潮州警分局光華派出所於26日23時10分，在潮州鎮永德路段查獲一起施用毒品後駕車案件，並依「現場採證快篩陽性」程序立即開立毒駕違規告發單，為屏東縣首件依新制完成現場採證後即時告發的案件。請繼續往下閱讀...警方表示，警員江承恩、蘇韋綾及實務生饒家榮夜間巡邏時，於永德路段發現1男子騎乘重型機車搖晃不穩、且多次急煞，顯有危險駕駛情形，警方攔查。盤查期間，員警聞到該名黃男身上散發疑似毒品氣味，黃男亦坦承先前施用毒品。由於黃男為調驗人口，警方依法告知唾液毒品快篩的權益，黃男同意後由警方現場施作採證程序，快篩結果呈毒品陽性反應。警方隨即依道路交通管理處罰條例規定，當場開立毒駕違規告發單。依規定，本案黃男施用毒品後駕車者，可處3萬元至9萬元罰鍰，並當場移置保管車輛。同時，後續將待毒品檢驗報告出爐後，再依公共危險罪嫌偵辦，並通報衛生單位啟動後續處遇措施。潮州警分局呼籲，毒品施用後駕車危害自身及他人安全，警方將持續加強巡查與執法，全力防杜毒駕，維護道路交通安全。員警發現黃男以詭異行徑騎乘機車。（警方提供）熱門賽事、球星動態不漏接    ,https://news.ltn.com.tw/news/society/breakingnews/5260761
彰化大貨車右轉與機車碰撞  最後一刻急踩煞車女騎士險爆頭,社會,2025/11/28 10:27,大貨車緊急煞車女騎士險些遭輾過，相當驚險。（圖由民眾提供）彰化縣鹿港鎮鹿東路與思源路口出現驚險畫面，1名婦人騎機車經過路口直行時，與1輛右轉的大貨車發生碰撞，大貨車司機緊急踩煞車讓車輛在最後一刻停住，婦人險些遭捲入車底輾過，連鞋子都掉在貨車底盤下，所幸倒地僅左腳踝撕裂傷，無生命危險，確實肇事原因與責任由警方釐清中。警方調查，這起事故發生在昨天中午12點多，1輛大貨車自鹿東路停等紅燈後起步右轉思源路時，在路口處與1名騎乘機車沿鹿東路由東往西方向直行通過路口的婦人發生碰撞，婦人當場連人帶車摔倒，大貨車緊急煞車，差一點將婦人整個捲入輾壓過去，事故造成婦人左腳掌撕裂傷，由救護車送彰濱秀傳醫院治療。大貨車右側車身輕微擦損，機車車身左側擦損。請繼續往下閱讀...有民眾看過監視器畫面直呼「太驚險了」，婦人的鞋子還掉在大貨車底盤，若大貨車沒有緊急煞車，婦人恐怕將整個人被輾過，後果不堪設想。消防人員為婦人包紮治療。（圖由民眾提供）大貨車路口右轉時與直行的機車發生碰撞。（圖由民眾提供）熱門賽事、球星動態不漏接    ,https://news.ltn.com.tw/news/society/breakingnews/5260786
「怎麼又是他！」男子醉睡車上被勸誡 1小時後仍酒駕被逮,社會,2025/11/28 10:10,警方攔下酒後駕車的曾姓男子（左）盤查。（警方提供）桃園市51歲曾姓男子27日下午4點多，因不勝酒力坐在轎車駕駛座上睡著，警方叫醒他勸誡：「不要酒駕喔！」言猶在耳，曾男當天下午5點多就酒後駕駛轎車行經大成路時，被眼尖員警發現攔查，他還一陣胡言亂語「我只是酒駕而已，我道歉」，已被警方依公共危險罪嫌送辦。警方說，曾男當天下午4點多，坐在停放在楊新北路旁的轎車駕駛座上，警方獲報前往關心，因曾男雖明顯喝過酒，但沒有駕駛行為，警方只能苦口婆心勸他別酒駕、記得找親友來協助他返家。請繼續往下閱讀...豈料曾男不聽勸，1個多小時後駕車行經大成路，員警發現「怎麼又是他」，立即尾隨他到武營街後，將他攔下，過程中曾男一度激動，不願配合，警方將他拉下車上銬，以免造成其他人車危害，警方說，曾男的酒測值達1.01MG/L，訊後已依公共危險罪嫌，將他移送桃園地方檢察署偵辦。曾姓男子（左）不配合盤查，被警方拉下車壓制。（警方提供）熱門賽事、球星動態不漏接    ,https://news.ltn.com.tw/news/society/breakingnews/5260756
影射遠航前副董叛賊奸臣   璩美鳳加重誹謗案改判緩刑定讞,社會,2025/11/28 10:07,前壹傳媒新聞部總編緝璩美鳳發文影射遠航前副董鄭晴文「叛賊奸臣」等內容，一審判璩3月徒刑，可易科罰金9萬元，全案上訴，高等法院今改判璩3月徒刑、緩刑2年定讞。（資料照）時任壹傳媒新聞部總編輯璩美鳳前年於網路媒體發文，指稱遠東航空前副董鄭晴文是「叛賊奸臣」，並暗指其子位居國安局要職，涉利用公職背景進行背信、侵占等行為，導致遠東航空陷入困境，鄭認為文章內容損害其名譽提告，一審認為璩未合理查證，依加重誹謗罪判刑3月，可易科罰金9萬元；全案上訴，高等法院今上午改判3月徒刑、緩刑2年，全案定讞。璩、鄭兩造今均未聆判，無法得知對判決看法。鄭晴文提起自訴指控，璩美鳳2023年10月19日在網路發表標題為「〔搶救台灣天空 搶救遠東航空3〕遠航判賊鄭晴文利用其子國安局背景是否涉背信侵占罪嫌？」的文章，指控鄭晴文任職遠航期間「倒行逆施多年」，侵害員工權益及公司發展，並稱其子位居國安局要職，暗指利用其公職背景對遠航進行不法操作。鄭認為名譽受損，提起加重誹謗告訴。請繼續往下閱讀...璩美鳳否認犯罪，稱曾參考遠航前董事長張綱維的告訴狀、起訴書等資料，也向查號台查證鄭晴文的電話，但無人接聽，已盡查證義務，且是合理評論，經鄭晴文通知文章內容有疑慮後，即將文章下架。士林地院審理後認為，璩美鳳未盡合理查證義務，即發文散布不實言論，已損害鄭晴文的社會評價，並考量雙方未和解，判璩美鳳3月，得易科罰金9萬元。全案上訴高等法院審理。熱門賽事、球星動態不漏接    ,https://news.ltn.com.tw/news/society/breakingnews/5260751
「網黃」好市多露乳嬌喊「把自己賣掉」！ 2男女到案送辦,社會,2025/11/28 09:58,江女在好市多掀衣露乳「把自己賣掉」，遭警方送辦。（取自X，民眾提供）高雄一家好市多（Costco）商場24日舉辦「黑色星期五購物週」（Black Friday）活動，發生知名網黃闖寵物區掀衣露乳拍照，並將照片發到X（推特）「把自己賣掉」。前鎮分局27日通知涉案人26歲江女及協助拍照的陳男到案說明，2人供稱是臨時起意，也只把照片發在個人平台，警方依違反公然猥褻罪移請高雄地方檢察署偵辦。江女及陳男雙雙到前鎮分局到案說明，他們向警方表示，24日前往好市多逛街，逛到拍照地點時覺得場景不錯，臨時起意拍照，事後也僅是將照片發在個人平台，並沒有上傳到成人網站或社交平台，沒有公開發傳意圖。據警方了解，江女與陳男沒有前科。請繼續往下閱讀...該案緣起知名賣場好市多（Costco）「黑色星期五購物週」（Black Friday）開跑，卻傳出在X（推特）有高人氣網黃江女，在高雄某分店寵物食品區掀開上衣裸露胸部，並將照片張貼在X，寫下「黑五逛完兩圈以後發現錢不太夠，所以決定把自己賣掉。」大膽行徑引來粉絲留言「哪裡還搶購的到？」「提錯貨單在哪里？」該篇貼文引發熱議，不過引起軒然大波後，26日趕緊下架。好市多事後回應，供會員高品質的商品、服務與良好的消費環境，是一貫的宗旨，針對該不當行為，賣場將禁止其再次進入賣場。好市多強調，若相關行為經查屬實，將移請警方偵辦，以維護其他會員不受違法干擾的權益。也藉此呼籲會員共同維護良好的消費環境，賣場將全力配合相關主管機關後續調查與處理。先前，有「台灣臀后」之稱的吳姓女子，今年9月在高雄總圖拍攝成人影片，遭前鎮分局依公然猥褻罪嫌移送高雄地檢署偵辦。警方將拍照的江女與陳男送辦。（民眾提供）熱門賽事、球星動態不漏接    ,https://news.ltn.com.tw/news/society/breakingnews/5260733
與4銀行調解不成！油漆工欠債逾300萬 法官允進入清算程序,社會,2025/11/28 09:50,相關規定指出，即便債務人曾與銀行完成協商，只要因非可歸責於己的原因、收入扣除必要生活費後仍無力履行協商條件，法院仍得准予更生或清算。（記者劉詠韻攝）從事油漆工作的劉姓男子因積欠4家銀行合計逾306萬元債務，經調解不成，確定無力清償後，台北地方法院昨准許其進入消費者債務清算程序，並由司法事務官負責後續清算。劉男向法院主張，近年收入不穩，平均月薪約2萬元，已無力償還向兆豐、星展、台新與華南等銀行借貸的306萬6828元債務。他先依規定向最大債權銀行提出協商，並申請債務前置調解，但均未達成協議，因此依消費者債務清理條例聲請清算。請繼續往下閱讀...法院調查後認為，劉男過去曾擔任中國海爾股份有限公司負責人，不過該公司已於2018年9月解散，他在近5年內並未從事營業活動，符合消費者身分，得申請清算程序。相關規定也指出，即便債務人曾與銀行完成協商，只要因非可歸責於己的原因、收入扣除必要生活費後仍無力履行協商條件，法院仍得准予更生或清算。立法並未要求債務人必須在協商時「不可預見」日後履行困難，因此即使當初未充分判斷即簽下協議，也不影響清算聲請。法官審理後認為，劉男確有顯有不能清償的情況，裁定開始清算程序。熱門賽事、球星動態不漏接    ,https://news.ltn.com.tw/news/society/breakingnews/5260736
婚後第6天就遭家暴！女子怪自己被愛情衝昏頭 火速「停損」,社會,2025/11/28 09:50,女子婚後第6天就被家暴，火速辦離婚，法官准了。（資料照）彰化一對小情侶，今年2月3日結婚，不到半年就離婚！因為女方發現先生有嚴重毒癮，還會打老婆，決定「快刀斬亂麻」終止這段婚姻。她以婚姻出現重大破綻向法院聲請離婚，法官認為，該婚姻已難維持，准予離婚。太太向法官說，婚後先生常情緒不穩定、酗酒不睡覺，稍不順其意即毆打她，也限制她回娘家的權力，婚後第6天，她就被毆打；隔一個禮拜，先生被警方通知到警局驗尿，先生懷疑她向警方通報吸毒，再度使出重拳痛毆她，致她摔倒，受有雙側膝部擦傷、下背痛、右手掌挫傷傷勢，她因此向法院聲請保護令，但先生不甩保護令，又於3月13日下午以拳頭對原告猛搥，導致原告受有右上頭部腫脹、右前臂腫脹、左上臂瘀青微腫脹之傷害。她已對與被告建立家庭徹底絕望，「只怪自己識人不明，被愛情衝昏頭，如今只想停損」，她認為，兩造婚姻客觀上已有嚴重破綻，爰依民法第1052條第2項請求與被告離婚。先生並沒有到庭答辯。請繼續往下閱讀...法官表示，兩造結婚數日後即有重大爭執，被告多次對原告為肢體暴力致原告成傷，兩造婚後未見有何積極溝通、尋求解決以改善或彌補婚姻裂痕之具體作為，顯見雙方對於婚姻之維繫不願繼續努力，兩造之婚姻確實已生破綻而無回復之希望，有不能維持之重大事由，且依上述情節，足認被告慣常以暴力取代溝通，原告依民法第1052條第2項規定請求判決離婚，應屬有據，應予准許。熱門賽事、球星動態不漏接    ,https://news.ltn.com.tw/news/society/breakingnews/5260727
提供人頭帳戶給詐團 男子被判刑、還須賠償60.8萬,社會,2025/11/28 09:43,提供人頭帳戶給詐團，男子被判刑、被害人求償60.8萬。（資料照）蔡姓男子提供網路銀行帳號、密碼並申辦虛擬貨幣交易帳號、密碼後提供給詐騙集團，蘇姓女子被該詐騙集團依假投資手法騙走60.8萬。蔡男被警方逮捕後，之前先被苗栗地院依洗錢防制法判處有期徒刑4個月，併科罰金2萬元，蘇女近期向蔡男求償，苗栗地院法官審理後，判處蔡男需賠償蘇女60.8萬。蔡男提供金融帳戶資料給詐騙集團前，與詐團成員曾透過社群軟體對話，蔡男還詢問「不會有風險嗎？」、「我朋友有被詐騙過，我會怕被詐騙」等，他於偵訊中並稱與詐團聯絡途徑為其友人告知，犯罪所得共3000元。請繼續往下閱讀...該詐團之後再臉書FB等社群平台刊登股票技術分析影片，吸引被害人點擊後再佯稱可協助投資獲利，導致蘇女在內共5人遭詐，蘇女先提告求償後，苗栗地院法官審理判處蔡男需賠償蘇女60.8萬。熱門賽事、球星動態不漏接    ,https://news.ltn.com.tw/news/society/breakingnews/5260724
宜蘭男精神恍惚自撞路邊車 唾液快篩驗出毒駕送辦,社會,2025/11/28 09:38,警方對李男施以毒品唾液快篩。（民眾提供）宜蘭羅東45歲李姓男子日前駕車行經南門路時，車輛偏離車道後自撞路邊車輛，警方到場發現李男精神恍惚，經唾液篩檢驗出毒品陽性反應，當場依公共危險罪及毒品危害防制條例送辦，這也是唾液快篩20日上路後，宜蘭首件以快篩方式取締案件。羅東分局26日下午5點接獲民眾報案，稱在羅東南門路市場附近發生車禍，警方前往現場，李姓肇事駕駛，精神恍惚且言行舉止異常，施以唾液快篩試劑檢測，結果呈現毒品陽性反應。請繼續往下閱讀...據了解，李男曾涉入毒品案，這次毒駕快篩被驗出吸食安非他命，警方確認李男吸毒後駕車，將他逮捕並扣車移置，全案依違反毒品罪嫌移送宜蘭地檢署偵辦；另依道路交通管理處罰條例製單舉發，以違反公共危險罪送辦。宜蘭縣政府警察局表示，宜蘭警方積極防杜毒駕，今年已查獲73件，較去年同期增加逾2倍；快篩新制上路後，也將透過更先進的唾液毒品快篩，加速判斷與採證流程，有效阻斷涉毒者上路，危害用路人安全。李男吸毒駕車行經羅東南門路自撞路邊車輛遭查獲逮捕。（民眾提供）試紙顯示李男吸食安非他命。（民眾提供）熱門賽事、球星動態不漏接    ,https://news.ltn.com.tw/news/society/breakingnews/5260722
涉侵占詐貸 「通姦除罪」推手周方慰聲押禁見,社會,2025/11/28 09:31,富邦綜合開發公司負責人周方慰。（資料照）曾就「通姦除罪」議題聲請大法官釋憲，與諸多聲請釋憲者一同促成通姦除罪化的「知名假律師」、富邦綜合開發公司負責人周方慰，涉侵占公司款項2850萬元，用以私用或購置台北市信義區房產，另又涉墊高公司名下房地產買賣交易價格，以此向銀行詐貸得手1.6億元，台北地檢署昨指揮調查局台北市調查處發動搜索，今晨訊後依違反銀行法、刑法詐欺、侵占等罪嫌聲押禁見周方慰。周方慰多次成為社會新聞事件主角，他曾因外遇遭妻子控告，當時通姦罪尚未除罪化，1審原本判他4個月徒刑，上訴後二審高等法院維持判刑4月，但給予緩刑2年。周方慰則聲請釋憲，成為通姦除罪化推手之一，且在「司法院釋字第七九一號解釋」出爐後，他的通姦案獲改判免訴確定。請繼續往下閱讀...不僅如此，周方慰曾因沒有律師資格，卻違法承攬民事訴訟，還曾涉嫌持前女友的裸照逼簽1000萬元「分手賠償金」，高等法院分別依違反律師法、恐嚇取財未遂罪，將周男合併判處1年徒刑、得易科罰金36萬元確定。檢調查出，富邦綜合開發公司曾因名下所有的集賢樓宿舍與私立南華大學產生民事訴訟2015年間，雙方在高等法院台南分院審理時和解，並作成南華大學應給付富邦公司2850萬元和解筆錄，周方慰以董事長身分收受南華大學所交付14張支票，卻涉挪為己用，將部分款項做為私人用途、購買房產等。檢調還獲報，2020年間，周涉嫌代表富邦開發與璽美、鈞言公司以三方契約方式，將富邦開發所有的宿舍透過璽美賣給鈞言公司，買賣過程中涉墊高價金至2.3億元，共謀向銀行詐貸得手1.6億元。檢察官陳雅詩昨天指揮兵分廿路展開搜索，約談周男、璽美負責人黃美芳、及富邦開發、璽美、鈞言公司的員工等人，訊後周聲押禁見，黃美方等5人以50萬元至100萬元不等金額交保，均並限制出境出海。璽美實業實際負責人林柏傑，因另涉他案被士林地檢署發布通緝，昨日他被通緝到案經檢察官複訊後移送士檢歸案。熱門賽事、球星動態不漏接    ,https://news.ltn.com.tw/news/society/breakingnews/5260721
員工不滿被解僱、上網爆料遭公司監控 董娘提告誹謗,社會,2025/11/28 09:03,陳女不滿被解僱，上網爆料時刻被公司監控，挨告誹謗，屏東地院判她無罪。（記者李立法攝）陳姓女員工不滿被公司解僱，上網爆料公司不相信員工，時時刻刻都在監控員工，擔任公司主管的董娘憤而對陳女提告誹謗，屏東地院認為陳女貼文並非故意杜撰、虛捏事實或全然無據，判陳女無罪，可上訴。2年多前任職某環保公司的陳女，因不滿被公司解僱，上網爆料該公司「他們不相信員工，所以只要不是他們的親戚就會被時時刻刻監控，電腦裝監控」等；擔任公司主管的黃姓董娘認為陳女不實指摘、侮蔑公司，憤而提起誹謗告訴。請繼續往下閱讀...陳女則堅稱，她相信公司確實有裝電腦監控，因為有位離職人員向她說過這件事情，她並沒有誹謗；該離職員工也出面指稱黃姓董娘在辦公室裝監視器。屏東地院認為，陳女貼文內容，並非以損害黃女及該公司名譽為主要目的，難認陳女言論主觀上有誹謗惡意，且該公司辦公室確有安裝相關監視設備，陳女所指並非全然無據，縱然內容遣詞用句稍有過激，令被批評者感到不快，仍難以刑法加重誹謗罪相繩，應予陳女無罪諭知。熱門賽事、球星動態不漏接    ,https://news.ltn.com.tw/news/society/breakingnews/5260692
日籍男見女網友暈船欲買4萬元點數 超商店員機警報警,社會,2025/11/28 08:47,日籍男遭假交友詐騙，超商店員機警報警攔阻。（民眾提供）21歲日籍男子在網路社群結識一名女網友，原約見面，對方卻頻頻推託並要求加入一名男經紀人為好友，女網友以急需用錢為由，拜託他購買4萬元點數卡協助，日男心軟被騙前往超商購買，所幸店員察覺報警阻詐。鹽埕分局今（28）日指出，五福四路派出所巡佐陳建豪、警員魏瑞騰於前日凌晨，接獲鹽埕區大義街某超商報案，指一名日籍男子一口氣欲購買新臺幣4萬元點數卡，疑似遭遇詐騙。請繼續往下閱讀...警方立即趕至超商了解、攔阻，經了解，日本籍K姓男子（21歲）月初在網路社群結識一名女網友，雙方相談甚歡並約好相見，不料男子到女子住處附近時，對方卻頻頻推託並要求加入男性經紀人為好友。女網友以急需用錢為由，央求他購買4萬元點數卡協助。男子一時心軟前往超商購買，幸好超商店員察覺異狀立即通報警方。員警到場後向男子耐心解釋這是「假交友真詐財」的常見套路，包括先取得信任、營造曖昧，再藉各種理由要求購買點數卡。男子聽完才驚覺自己差點落入詐騙集團甜蜜陷阱，在員警苦口婆心地勸阻後，終於打消購買點數卡的念頭。熱門賽事、球星動態不漏接    ,https://news.ltn.com.tw/news/society/breakingnews/5260679
獨力照顧繼子、被踢出家族群組...... 新竹人妻心碎訴離,社會,2025/11/28 08:37,新竹地院以長期在婚姻中遭遇冷暴力，判准女方跟丈夫離異。（記者黃美珠攝）許姓女子不滿跟陳姓男子結婚10幾年，善盡後母責任把未成年繼子撫養長大，也努力扮演好人妻角色，卻動輒被陳男咆哮喊「滾」，甚至從新竹到台南的半路被趕下車，她每每試圖溝通卻面臨已讀不回的冷暴力，不僅繼子的女友對她歹面相看，陳男在中國的姪女也能恣意把她踢出通訊軟體的家族群組，她心灰意冷訴請離婚，新竹地院認定陳男確實長期冷暴力對待許女而判准。判決書指出，陳男起先不同意離，認為許女個性偏執、情緒起伏大，他已讀不回僅是想冷一冷許女再做溝通，但後來另以許女養「小王」為由也訴請離婚，並向許女求償200萬，但都被法院駁回，因為法官認為許女的舉證坐實陳男長期在婚姻中冷暴力對待妻子，而陳男雇人跟監蒐證抓姦1年多卻拿不出具體事證，所以判陳男完敗。請繼續往下閱讀...判決書指出，許女和陳婚後，考慮陳男長期在新竹工作且常出差，把陳男亡妻留下的未成獨子從台南接到新竹，在陳子國、高中時獨力照料，陳男不聞不問，對孩子的失序行為都用他有錢賠得起、有能力養兒子一輩子等態度處理，還稱跟她結婚，不過就是有人可以照顧兒子。許女埋怨陳男除了她、對誰都很慷慨。雖月給3萬到5萬元做家用，但光陳子的家教費就要3萬多，她反映家用不足就被酸，然而陳男卻大方餽贈姐妹安家費、好幾百萬買房費；甚至瞞著她，每月固定匯3萬給亡妻胞姐，買保險也僅指定陳子作為受益人。今年陳男一聲不吭隻身去中國跟當地親友過年，許女在通訊軟體的家庭群組內獲悉後，不久就被陳男姪女踢出群，對此他也無動於衷，夫妻猶如陌路。熱門賽事、球星動態不漏接    ,https://news.ltn.com.tw/news/society/breakingnews/5260670
謊稱治眼疾提25萬 郵局行員機警助警識破交友詐騙,社會,2025/11/28 08:36,"員警憑經驗判斷有異，在耐心仔細說明後，獲得廖女同意檢視手機對話紀錄。（記者鄭景議翻攝）台北市一名廖姓女子前日前往郵局臨櫃提領新台幣25萬元，聲稱款項是用於「治療眼睛」的費用。行員機警察覺有異，立即通報內湖分局。康樂派出所警員張國振獲報到場後，發現廖女無法提供任何就診紀錄，經檢視手機對話紀錄，赫然證實是典型的網路交友詐騙，成功守住了廖女的辛苦積蓄。內湖分局表示，康樂派出所警員接獲郵局櫃檯行員報案，稱有一名廖姓女子欲臨櫃提領25萬元現金，經關懷提問現金用途時，廖女表示是要去醫院治療眼睛的費用。行員擔心廖女遭詐，遂通報警方到場查處。請繼續往下閱讀...員警到場後，詢問廖女是否備有醫院的診斷證明或就診紀錄時，廖女均無法提供，僅不斷強調該筆為醫生的治療費用。員警憑經驗判斷有異，在耐心仔細說明後，獲得廖女同意檢視手機對話紀錄。員警從對話紀錄中，赫然發現這是一起典型的網路交友詐騙案件，對方使用了「先交友、談感情、借金錢」的詐騙話術，廖女正準備提領現金交付給對方。警方隨即當場分析並告知廖女此為情感詐騙，廖女這才驚覺遭騙，並十分感謝行員與警方協助守住辛苦積蓄。內湖分局與轄內金融機構聯手阻詐，今年迄今攔阻新台幣1億1,300餘萬元。內湖分局呼籲，民眾應提高警覺並多求證，可撥打165反詐騙專線或110專線查證，以保障自身財產安全。熱門賽事、球星動態不漏接    ",https://news.ltn.com.tw/news/society/breakingnews/5260676
鎖定萬華老舊大樓  67歲蜘蛛盜連環犯案竊逾百萬,社會,2025/11/28 08:20,黃嫌正準備攀爬侵入住宅行竊。（記者劉慶侯翻攝）67歲黃姓資深老慣竊，仍是身手矯健，在台北市萬華區專挑老舊大樓私套房，以攀爬方式自窗處伺機侵入竊盜。日前連續作案得手4起，竊得逾百萬元贓物贓款。轄管萬華分局循線逮獲黃嫌，依法移送後建請羈押獲准。北市警萬華分局西門町派出所日前接連接獲報案，轄管內的昆明街、峨嵋街等處，先後發生多件住宅竊盜案，遭竊物品為手錶、戒指、皮包、現金等，損失逾百萬元。請繼續往下閱讀...由於案件發生頻率高，警方立即成立專案小組偵辦，經調閱監視器影像逐步過濾，終於鎖定黃嫌涉有重嫌疑。25日晚間將犯嫌拘提到案。警方調查，黃嫌原本就是名蜘蛛盜，有多次竊盜前科，現在雖已經67歲，但仍是非常健壯。黃嫌是鎖定老舊大樓的套房作為目標，只要發現哪一戶沒有關窗戶，便會以攀爬等方式侵入行竊。警方現場起獲部分失竊物品，並發還被害人，全案詢後依加重竊盜罪嫌移送台北地方檢察署偵辦，並建請羈押獲准。另再追查有無另涉他案中。警方起獲部分贓物。（記者劉慶侯翻攝）熱門賽事、球星動態不漏接    ,https://news.ltn.com.tw/news/society/breakingnews/5260665
色男伸鹹豬手還嗆「妳以為長得很漂亮？」被害女不堪受辱報警,社會,2025/11/28 08:13,彰化市1名女子被陌生男抓摟肩還被嗆，不堪受辱報警性騷。模擬情境圖。（記者湯世名攝）1名女子到彰化市某郵局排隊寄信時，竟有1名男子經過時摟抓著她的肩膀說「借過」，女子驚嚇甩開狠瞪，男子竟嗆「妳以為妳長得很漂亮喔？妳是長得多美？」女子覺得噁心快步離開，返家後愈感氣憤與受辱，昨天（27日）向彰化警分局報案，由警方依性騷擾防治法受理，警方指將調閱監視器找出男子身分，再通知到案說明釐清案情。該名女子在臉書PO文指出，26日去彰化市某郵局寄信排隊時，1名年約65歲的男子從她背後經過，竟摟抓著她的肩膀約1-2秒說著「借過」，她立即甩開氣得看著對方表示，用說的或輕拍就好，為什麼要這樣抓著她的肩膀？讓她感到非常莫名其妙且不適。沒想到男子全無歉意，還在眾人面前來回多次對她說「我是一個老人，妳以為妳長得很漂亮喔？妳是長得多美？」請繼續往下閱讀...當時女子趕著接小孩，且看到男子越覺得噁心因此趕快離開，回家以後對男子碰觸她身體的行為和說的話，越感不舒服。家人知道後也相當氣憤，因為男子還有可能再去隨意這樣對待下一個人。女子昨天鼓起勇氣向彰化警分局報案，由警方受理完畢。女子指出性騷擾防治法是保護被害者的，甚至隱藏被害者個資避免被2次傷害，也再次告訴每位平等的男女老幼，大家應該互相尊重、勇敢維護自己的基本權利。熱門賽事、球星動態不漏接    ,https://news.ltn.com.tw/news/society/breakingnews/5260654
9旬婦疑凌晨點蠟燭起火  基市10多名住戶驚險逃生,社會,2025/11/28 08:03,基隆市中山區成功二路一間民宅今天凌晨0時許發生大火，還好獨居屋內的90多歲紀姓老婦，及時被鄰居救出，10多名鄰居也及時逃出，無人受傷。（記者林嘉東翻攝）基隆市中山區成功二路一間民宅今（28日）凌晨發生大火，還好獨居屋內90多歲紀姓老婦，及時被鄰居救出；由於火勢猛烈，很多住戶都已入睡，附近住戶奔相走告，10多名住戶及時逃出，無人受傷。警消初步研判，起火前，紀婦在屋內點蠟燭不慎引發火勢，不過，起火原因還有待火調科釐清。基隆市消防局今天凌晨 0點36獲報，中山區成功二路95號1樓民宅發生火警，消防隊員出動15輛消防車、30多名消防隊員趕抵時，樓高3層樓的水泥建物，1樓民宅已全面燃燒，不斷有火舌從屋內竄出，冒出很大黑煙，還向上延燒2樓民宅，幸未傳人員傷亡。請繼續往下閱讀...紀婦眼見房子被火舌吞噬，癱坐在巷口地上一直哭，鄰居不忍上前安慰，紀婦情緒激動，眼淚停不住，還好紀婦並未受傷，警方已通知中山區公所協助安置；警消初判火災前，紀婦因為停電點蠟燭不慎引發火勢，真正起火原因有待火調科進一步調查釐清。基隆市中山區成功二路一間民宅今天凌晨0時許發生大火，還好獨居屋內的90多歲紀姓老婦，及時被鄰居救出，10多名鄰居也及時逃出，無人受傷。（記者林嘉東翻攝）基隆市中山區成功二路一間民宅今天凌晨0時許發生大火，還好獨居屋內的90多歲紀姓老婦，及時被鄰居救出，10多名鄰居也及時逃出，無人受傷。（記者林嘉東翻攝）基隆市中山區成功二路一間民宅今天凌晨0時許發生大火，還好獨居屋內的90多歲紀姓老婦，及時被鄰居救出，10多名鄰居也及時逃出，無人受傷。（記者林嘉東翻攝）熱門賽事、球星動態不漏接    ,https://news.ltn.com.tw/news/society/breakingnews/5260646
台男阿布達比轉機遭帶走 今早平安獲釋,社會,2025/11/28 07:07,陳男前往土耳其旅行卻在阿布達比轉機時遭當地全副武裝警察帶走，陳妻今天證實先生已獲釋。（ 陳妻提供）在阿布達比轉機遭當地全副武裝人員帶走的陳姓男子今（28日）清晨平安獲釋，陳妻越洋傳回好消息，由於當地時間為凌晨1點左右，現由杜拜辦事處長接回他家裡住。陳妻指出，今天清晨6點左右接獲先生傳來訊息，杜拜時間凌晨1點左右從警察局出來，沒有護照、沒有行李，向杜拜辦事處長求救，由處長接到他家裡去住。請繼續往下閱讀...陳妻說，先生也不知道為什麼會被帶走，對方從頭到尾都沒有跟他講是犯什麼罪。雲林陳姓夫妻11月23日從桃園機場搭機前往土耳其伊斯坦堡，24日清晨在阿布達比機場轉機時，陳男遭5名荷槍實彈人員從空橋直接帶走後音訊全無，陳妻26日跨海求助，包括立法院長韓國瑜、立委張嘉郡、劉建國等人得知後積極協助，我國杜拜辦事處人員也協助洽詢當地警方瞭解原委及提供相關協助。熱門賽事、球星動態不漏接    ,https://news.ltn.com.tw/news/society/breakingnews/5260627
婦人誤砍鄰居百萬福木 刑事過關、民事判賠20萬,社會,2025/11/28 07:01,屏東郭婦替鄰居修剪樹木，卻鋸斷百萬福木，被高雄高分院判賠。（記者鮑建信攝）屏東郭姓婦人僱工幫鄰居張婦清除農舍雜草，結果砍掉價值上百萬的5棵福木，挨告毀損罪，雖然獲不起訴處分定讞，但民事部分卻被高等法院高雄分院判決賠償20萬元定讞。據了解，原告張婦位於屏東縣農舍，因沒有人住而雜草叢生，加上樹木枝葉茂盛，蔓延到隔鄰郭姓婦人庭園，影響陽光照射，郭婦於是主動表示，要幫忙修剪，經張婦同意後，於2020年11月28日，僱請工人到她農舍砍伐。請繼續往下閱讀...後來，張婦接獲郭婦通知說處理好了，返回農舍查看，赫然發現5棵福木被鋸斷，憤而提告刑事毀損罪，並請求民事賠償100萬元。屏東地檢署開庭調查，認為郭婦不是故意砍福木，毀損罪不處分過失犯，予以不起訴處分並定讞。不過，屏東地院民事庭審理期間，郭婦指張婦請求權超過2年期限，並未被採信，判決賠償100萬元，她不服上訴。高雄高分院雖認定郭婦確有過失，但依據網路詢價資料，查得生長年份為20至30年不等福木，每棵3萬5000元至6萬元不等，認定以每株4萬元比較合理妥適，改判賠償20萬元，全案落幕。熱門賽事、球星動態不漏接    ,https://news.ltn.com.tw/news/society/breakingnews/5260626
波力不算著名商標？夾娃娃機擺盜版玩具 男子挨告侵權判無罪,社會,2025/11/28 06:47,波力仿品玩具未貼有合格商標。（記者翻攝）小朋友喜歡的「救援小英雄波力」，在法官眼中可能算不上「著名商標」。台南地檢署認為，陳姓娃娃機業者販售盜版波力玩具，但智慧財產及商業法院覺得，全案沒有證據證明「波力」是著名商標，陳男又是從餐飲改做夾娃娃機，很難證明他是明知盜版還侵權販售，所以維持一審無罪，駁回檢方上訴。檢方指控陳姓業者2022年因為疫情轉行經營夾娃娃機，向網路批發商進貨印有POLI圖樣的玩具車，放進店門旁機台，以每次10元方式供人夾取。警方搜索時扣得同款玩具車144件，鑑定都為未獲授權的仿冒商品，一審宣告全數沒收，但認為罪證未達無合理懷疑標準，判陳男無罪。請繼續往下閱讀...檢方不服上訴，「波力」在玩具市場知名度高，陳男不可能不認得這個商標，又以20多元低價向上游進貨，外盒也沒有授權標示與雷射防偽貼紙，仍放進機台收費夾取，足見明知販賣仿冒商品，請求改判有罪。合議庭強調，著名商標須有客觀資料證明已為相關業者與消費者普遍認知，檢方僅指出這部動畫曾在幼兒頻道播出，未提出更具體數據，難以推論「波力」是家喻戶曉標記。陳男又是從餐飲轉做小規模夾娃娃機生意，透過網路頁面進貨，商品眾多卻看不出授權來源，要他只憑較低價格與包裝細節就必然辨識仿冒，標準過於嚴苛，頂多反映疏於查證，尚不足構成商標法第97條要求的明知侵權。法院最後認為，全案的證據只能證明陳男確實陳列販售涉案玩具車，卻無法排除他是否明知侵權的合理懷疑，依無罪推定原則，維持一審無罪判決，同時沒收144件仿冒玩具車，未將他販售所得的530元視為犯罪所得追繳，全案不得再上訴。熱門賽事、球星動態不漏接    ,https://news.ltn.com.tw/news/society/breakingnews/5260623
夜店撿屍陌生女子強行嘿咻  賠90萬仍重判原因曝光,社會,2025/11/28 06:35,"尤男涉嫌夜店撿屍酒醉陌生女子，帶往旅館性侵，被高雄高分院判刑。（情境照）高市尤姓男子到夜店消費，見陌生女子不勝酒力，爛醉如泥，涉嫌將她帶往摩鐵強行嘿咻，雖賠償90萬元和解，被害人並為他求情，仍被高等法院高雄分院依妨害性自主罪，判處徒刑3年。判決書指出，2024年2月15日凌晨3點多，被告尤男在某夜店飲酒消費，見不認識女子小玉（化名）因不勝酒力，爛醉如泥，認為有機可乘，於是將她帶往旅館房間後，涉嫌指侵得逞。請繼續往下閱讀...小玉醒來後，警覺身體有異，到市警局婦幼隊報案，辦案人員傳喚尤男到案說明，製作筆錄後，依涉嫌強制性交罪，函送橋頭地檢署偵查、起訴，並被地院法官判處有期徒刑3年。他不服上訴指出，案發後深知悔悟，並與小玉達成和解，賠償90萬元，希望能夠宣告緩刑；小玉也替他求情，能夠從輕發落。高雄高分院調查，尤男在警訊、偵查均否認犯行，後來雖和解、認錯，但審酌其撿屍陌生女子行為，及被害人身心受創甚鉅，每憶及此事皆引發情緒崩潰，不宜宣告緩刑，駁回上訴，尚未定讞。熱門賽事、球星動態不漏接    ",https://news.ltn.com.tw/news/society/breakingnews/5260624
南投茶商遭詐騙330萬  車手判刑1年3月並須全額賠償,社會,2025/11/28 06:32,南投茶商遇假投資遭詐330萬，南投地院將呂姓車手判刑1年3月，並須全額賠償330萬元損失。（資料照）南投縣林姓茶商誤信假投資詐騙集團高獲利騙術，投資330萬元一去不回，提告前來取款的呂姓車手，呂男不但被南投地院依詐欺罪判刑1年3月，還必須全額賠償林某遭詐騙的330萬元。判決書指出，呂姓男子加入在通訊軟體Telegram暱稱「曹坯」、「文李」等人組成的投資詐騙集團，以「高收益」、「穩定獲利」為誘餌詐騙，呂男依「曹坯」等人指示，專門負責向被害人收取詐騙贓款，今年4月前往南投縣某茶行向林姓茶商收款330萬元。事後林某發現受騙提告呂男涉及詐欺罪，附帶民事訴訟請求損害賠償，並訴請呂某全額賠償其所遭詐騙的330萬元。請繼續往下閱讀...南投地院刑庭法官依詐欺罪將呂男判刑1年3月；民庭法官也認為，現今社會金融機構、自動櫃員機廣布，便於一般大眾隨時就近辦理大額款項轉帳，收款若非所欲轉匯、收受款項涉及不法，並掩飾其身分規避後續追查，應無必要給付報酬委請專人代為出面向他人收取現款，而呂男雖未直接參與詐騙過程，惟其取款行為助力詐團詐取財物得逞，與被害人所受財產上損害之間具備相當因果關係，自屬共同侵權行為人，應負連帶賠償責任，且被害人得對共同侵權行為人中任一人請求賠償其所受全部損害，其訴請被告賠償其所受全部330萬元財產上損害，應屬有據。熱門賽事、球星動態不漏接    ,https://news.ltn.com.tw/news/society/breakingnews/5260621
為一只歐米茄 分手同性伴侶對簿公堂撕破臉,社會,2025/11/28 06:08,孫姓女子在當鋪外拉扯攔車，強行向前同性同居伴侶取回手錶，地院依強制罪判拘役15日，可易科罰金。（記者王捷攝）為拿回自己的歐米茄手錶（OMEGA），孫姓女子與分手的同性伴侶再撕破臉。孫女指控分手前告訴人拿她的名錶去典當，要贖錶那天，她在當鋪外攔車搶錶，被控搶奪，但因沒證據能證明手錶是告訴人的，台南地方法院依強制罪簡易判決拘役15日，可易科罰金。孫女指控，告訴人去年分手前曾把她的手錶拿到當鋪典當，孫女得知手錶將在今年6月間由告訴人贖回，便事先到當鋪外等候。當天下午，告訴人辦完手續準備開車離開時，孫女上前拉扯，並抓住自小客車方向盤，阻止對方離去，再打開車門，從車內拿走手錶。警方受理報案後追查，7月初由孫女主動交出手錶，讓警方扣案。請繼續往下閱讀...檢方偵辦時，告訴人主張手錶屬於自己，認為孫女涉有搶奪罪；孫女則表示，手錶是自己出錢購買，告訴人只是拿去典當，並提出要求返還的通訊紀錄。檢方認為，沒有積極證據證明手錶是告訴人所有，依罪證有疑利於被告，不以搶奪論罪，改以強制罪提起公訴。法院認定，孫女為取回手錶，以強暴方式拉扯並攔車，已妨害告訴人行動自由，符合刑法第304條強制罪；其行為雖屬家庭暴力事件，但家庭暴力防治法沒有獨立罰則，因此改依刑法論處。法官量刑時指出，孫女本應以理性方式處理財物爭議，卻在當鋪外激烈攔人取物，顯示法治觀念不足；但也考量她在審理中坦承犯行，自述急於拿回手錶，又擔心告訴人離開，一時情急才犯案，並參酌其智識程度與經濟狀況，判處拘役15日，折算標準為1日1000元，可依法上訴。熱門賽事、球星動態不漏接    ,https://news.ltn.com.tw/news/society/breakingnews/5260603
層層轉手變犯案工具 權利車成治案隱憂,社會,2025/11/28 05:30,三環幫將數百輛權利車藏放新竹山區。（記者邱俊福翻攝）三環幫車藏山區 新竹驚見車海新竹地區知名三環幫涉嫌成立行銷、車行及融資公司等公司，誘騙急需用錢的被害人，向其車行「假購車貸款」，再把車輛渡予其融資公司作為擔保成為權利車，這些拿來牟利與作案使用的大量權利車，為免遭警方查緝，該幫派特別於新竹縣芎林鄉山區承租二處隱密地點，交換輪流放置，宛如大型停車場。警方表示，該二處停車地點相距不遠，沒有門牌地址，只有一條山間小徑可供車輛進出，且集團不時將車輛從一處全部移置到另一處，避免遭警方鎖定。請繼續往下閱讀...所謂權利車為車主辦理車貸、設定動產擔保登記後繳不出錢，於車輛無法辦理過戶下，私下轉賣給當舖、中古車行或個人，因車價低廉，許多人願意甘冒車子被銀行拖走風險，購買使用權利，也因層層轉手，執法機關無法立即查出真正使用者。正因權利車層層轉手的隱匿使用者特性，近年來淪為黑幫、詐騙集團給予槍手、車手犯案使用的工具，比如去年七月發生的台南市區漁會前理事長林士傑在自家門口遭槍擊命案，槍手駕駛權利車、掛偽造車牌逃逸；前年初桃園角頭老大郭信一遭槍手狙殺身亡，槍手也是駕駛權利車逃逸及燒車滅證，顯示權利車已成治安重大隱憂，也被警政署列為重點查察對象。三環幫中生代大哥吳建承涉利用債務整合詐欺，被移送檢方偵辦。（記者邱俊福翻攝）熱門賽事、球星動態不漏接    ,https://news.ltn.com.tw/news/society/paper/1733835
通姦除罪推手周方慰 涉A公款2850萬+詐貸1.6億,社會,2025/11/28 05:30,富邦綜合開發公司負責人周方慰曾就「通姦除罪」議題聲請大法官釋憲，與諸多聲請釋憲者一同促成通姦除罪化。（資料照）吞公款購買房產曾就「通姦除罪」議題聲請大法官釋憲，與諸多聲請釋憲者一同促成通姦除罪化的「知名假律師」、富邦綜合開發公司負責人周方慰，涉侵占公司款項二八五〇萬元，用以私用或購置台北市信義區房產，另又涉墊高公司名下房地產買賣交易價格，以此向銀行詐貸得手一．六億元，台北地檢署昨指揮調查局台北市調查處兵分廿路發動搜索，約談周方慰等八人，朝違反銀行法、刑法詐欺、侵占等罪嫌偵辦。墊高購屋價詐貸周方慰多次成為社會新聞事件主角，他曾因外遇遭妻子控告，當時通姦罪尚未除罪化，一審原本判他四個月徒刑，上訴後二審高等法院維持判刑四月，但給予緩刑兩年。周方慰則聲請釋憲，成為通姦除罪化推手之一，且在「司法院釋字第七九一號解釋」出爐後，他的通姦案獲改判免訴確定。請繼續往下閱讀...妻告外遇 除罪免訴不僅如此，周方慰曾因沒有律師資格，卻違法承攬民事訴訟，還曾涉嫌持前女友的裸照逼簽一千萬元「分手賠償金」，高等法院分依違反律師法、恐嚇取財未遂罪，將周男合併判處一年徒刑、得易科罰金卅六萬元確定。持前女友裸照恐嚇取財檢調查出，富邦綜合開發公司曾因名下所有的集賢樓宿舍與私立南華大學產生民事訴訟，二〇一五年間，雙方在高等法院台南分院審理時和解，並作成南華大學應給付富邦公司二八五〇萬元和解筆錄，周方慰以董事長身分收受南華大學所交付十四張支票，卻涉挪為己用，將部分款項做為私人用途、購買房產等。檢調還獲報，二〇二〇年間，周涉嫌代表富邦開發與璽美、鈞言公司以三方契約方式，將富邦開發所有的宿舍透過璽美賣給鈞言公司，買賣過程中涉墊高價金至二．三億元，共謀向銀行詐貸得手一．六億元。20路搜索 約談周等八人 檢察官陳雅詩昨天指揮兵分廿路展開搜索，約談周男、璽美負責人黃美芳、及富邦開發、璽美、鈞言公司的員工共八人。熱門賽事、球星動態不漏接    ,https://news.ltn.com.tw/news/society/paper/1733830
北聯幫「關渡王」妻 駕車夜盲墜海亡,社會,2025/11/28 05:30,「關渡王」黃正雄遺孀日前駕車失控墜入新北市金山區磺港漁港，拖吊車將轎車吊上岸。（記者林嘉東翻攝）曾助警策動2名槍手投案新北市金山區磺港漁港廿四日凌晨發生一起轎車失控落海溺斃案，檢警事後相驗認定，陳姓女駕駛因不熟悉路況而意外墜海死亡，檢警將陳婦遺體發交家屬辦理身後事時，傳出五十七歲陳婦是北聯幫被稱為「關渡王」的黃正雄遺孀，她曾於二〇二一年間，協助警方策動二名槍手投案。新北市消防局是在廿四凌晨三時許獲報，金山區磺港漁港有一輛賓士轎車墜海，派遣消防隊員及連繫海巡人員前往援救，花費一個半小時救出受困駕駛座的陳婦時，已無心跳呼吸，送醫後不治。請繼續往下閱讀...一度緊急煞車疑不熟路況衝落港檢警追查，陳婦患有夜盲症，剛動完眼部手術，加上監視器拍到陳婦駕車墜海前，曾一度緊急煞車，研判應是不熟悉路況導致意外死亡。檢察官相驗後，將陳婦遺體發交家屬處理後事。陳婦被人稱為「漢嫂」，是北聯幫已逝的「關渡王」黃正雄之妻。二〇二一年四月間，北聯幫綽號「楊鷲」的楊姓男子，以及綽號「大郭」郭姓男子，駕駛瑪莎拉蒂前往台北市媽祖文化協會找人撲空，對著門口連開三槍後逃逸，當年承辦此案的一名台北市偵查隊長，得知「漢嫂」有些人面，找上她協助出面，最後策動楊、郭二人出面投案。熱門賽事、球星動態不漏接    ,https://news.ltn.com.tw/news/society/paper/1733834
高雄里長聯手宮廟主委 淪地頭蛇收押,社會,2025/11/28 05:30,高雄永安區維新里里長蔣福山涉嫌向廠商索賄遭收押。（取自臉書）恐嚇廠商 不配合「募款」就發動抗爭高雄市永安區維新里無黨級里長蔣福山、與文興宮主任委員張財華淪為地方惡霸！橋頭地檢署追查發現，二人以辦理進香繞境活動對外募款，憑藉里長權勢假藉發動抗爭、舉報稽查或開罰威脅，向永安工業區廠商勒索財物，檢方訊後依違反貪污治罪條例向法院聲押禁見獲准。橋頭地檢署主任檢察官陳竹君、檢察官嚴維德指揮廉政署廿五日發動搜索，陸續傳喚被告蔣福山、張財華及證人等五人到案。請繼續往下閱讀...經查，蔣福山、張財華二人，以宮廟進香繞境活動對外募款，向工業區廠商要求配合，放話若不配合捐款將發動里民抗爭，或通報權責單位辦理聯合稽查對廠商開罰，部分廠商息事寧人，給予五萬至五十萬元不等款項。檢方掌握蔣福山以惡劣口氣對工業區廠商幹部索賄的不法事證，複訊後認定被告蔣福山、張財華二人涉嫌貪污治罪條例的藉勢藉端勒索財物 、刑法恐嚇取財等罪嫌重大，有羈押必要，向法院聲請羈押禁見獲准。蔣福山於十一年前就曾被控使用相同手法，與張財華聯手向工業區廠商索賄，遭高雄地檢署聲押獲准及起訴，並被關押一百六十天，不過最後獲判無罪，蔣男還因此獲得冤獄刑事補償卅二萬元，沒想到十一年後二人又被廠商舉報，進而遭查辦收押。熱門賽事、球星動態不漏接    ,https://news.ltn.com.tw/news/society/paper/1733832
澎湖快艇走私14億大麻,社會,2025/11/28 05:30,私梟發現海上遭跟監，立即海上丟包，緝毒人員逐一打撈上岸。（澎湖地檢署提供）在海上被逮正著 5嫌起訴 續追一名未到案者澎湖地檢署偵破今年最大宗四七四公斤大麻走私案，逮捕高姓主嫌為首的五名嫌犯，企圖以澎湖為中繼轉運站，送往台灣銷售，經澎湖地檢署偵查終結，依違反毒品危害防制條例運輸第二級毒品大麻罪提起公訴，聲請沒收運毒快艇，以斷絕毒品交通工具，同時通緝一名未到案者。請繼續往下閱讀...檢方表示，運毒集團以澎湖作為走私毒品轉運站，此次查獲大麻數量驚人，市價高達十四億元，如流入台灣本島，可供百萬人次吸食，嚴重戕害國人身心健康。起訴書指出，澎湖地檢署指揮巡警調等單位組成專案小組，長期蒐證後，聯手於海上、岸際查緝，破獲以高姓男子為首的運毒集團，以三百萬元為報酬，委託陳姓船長自澎湖風櫃駕駛快艇「日月星一六八號」，至七美外海接運大麻，再至龍門裡正角搶灘，接著由陳嫌、蔡嫌、呂嫌、李嫌租車在岸際接運。專案小組掌握事證，派遣海巡艦艇及岸際人員出海、岸際同步查緝，陳姓船長在海上驚覺事跡敗露，往外海行駛，並海拋大麻。海巡艦艇掌握該快艇航跡（裡正角、龍門、烏崁、鎖港、山水、嵵裡、風櫃），打撈陳嫌海拋大麻共計七九九小袋，毛重四七四公斤，分裝成四十大袋上艇。專案小組於今年八至十一月間，追查岸際接運人員，陸續執行數波溯源行動，先後拘提陳嫌、蔡嫌等五人到案，聲請羈押獲准，並扣押快艇。熱門賽事、球星動態不漏接    ,https://news.ltn.com.tw/news/society/paper/1733833
債務整合 黑幫大哥組三合一詐團 扣逾億元232輛權利車 史上最大,社會,2025/11/28 05:30,新竹三環幫將數百輛權利車藏放新竹山區。（記者邱俊福翻攝）新竹在地三環幫的中生代大哥吳建承，涉嫌組成結合行銷、車行及融資業務的「三合一」債務整合詐欺集團，該集團成立六間公司分工負責招攬、過戶、放款，先於網路放送輕鬆核貸、債務整合廣告，上鉤的被害人若無不動產，便誘騙申辦購車貸款，並將車輛讓渡給融資公司成為權利車，進而將大量權利車用於出租、轉售、甚至提供犯罪使用，成為該幫最大金源。刑事警察局偵二大隊第二隊逮捕吳男等十九人，一舉查扣市值逾億元的二三二輛權利車，此為史上最大規模的權利車查扣行動。網路大撒廣告 引誘民眾抵押借款警方是在偵辦今年初新竹縣三環幫大哥劉憲治遭槍殺命案時，發現犯案及接應的權利車均來自承益資融公司，進一步查知該公司及四間行銷公司、一間車行，背後皆由三環幫操控。請繼續往下閱讀...犯案手法是先由行銷公司透過網路以債務整合、快速核貸等話術，吸引急需資金民眾，若民眾有不動產擔保品，便引誘抵押借款，若無擔保品則誘騙申請不實購車貸款，成功核貸後向被害人收高額開辦費、手續費等，背負車貸的被害人僅能取得約一半車貸資金，並將車讓渡給融資公司為擔保，該車即成為權利車。被害人財損8千萬 逮三環幫19人警方聲請搜索票獲准後，七月底展開行動，搜索及逮捕吳男等十九人，初估該幫犯案二年多，被害人逾二百人，首波已清查出六十名被害人的財損約八千萬元，新竹地檢署本月中旬依違反組織犯罪防制條例、洗錢防制法及刑法詐欺等罪嫌起訴。熱門賽事、球星動態不漏接    ,https://news.ltn.com.tw/news/society/paper/1733759
南市消防分隊長 涉境外平台吸金,社會,2025/11/28 05:30,南市消防分隊長疑遭境外吸金平台吸收，拉同事投資，還傳出有人慘賠200多萬，消防局火速處分，記兩小過、調職，並送懲戒法院，強調若涉刑法將究辦。（記者王捷攝）記兩小過、調地 警偵辦台南市消防局一名分隊長疑遭境外吸金平台吸收，擔任集團「榮譽導師」，拉同事加入投資，還傳出有人被騙走兩百多萬元，消防局獲知後火速啟動調查，將他記兩小過及調地處分，同時移送懲戒法院；台南市警第三分局也已受理報案，依違反銀行法等罪偵辦中。警方提醒，近年假投資詐騙常以境外理財平台為名，標榜穩定高配息與低風險，實際運作卻是靠不斷拉人頭藉此吸金，是典型的吸金詐騙行為，民眾勿輕信高報酬話術，更不要為了推薦獎金牽連親友，避免成為被害人、甚至淪為詐騙集團幫手。請繼續往下閱讀...快退休 私下揪投資群組南市消防局表示，該名分隊長是基層消防員出身，原在內勤服務，近年取得分隊長資格後調任外勤，已接近退休年齡；局方之前未獲悉他拉同事加入吸金集團，直到其資金運轉出現問題，被害人向消防局投訴及成立受害者群組，局本部獲知後，立即啟動調查。有人被騙兩百萬據了解，分隊長還有其他家人也在吸金平台中，他不只開說明會分享「低本金、高獲利」吸引被害人加入，還鼓勵參與者拉下線翻倍獲利，甚至私下成立投資群組，宣稱有穩定配息，鼓勵同事、義消用幾千元試水溫再逐步加碼，部分被害人後來因資金壓力吃緊，向消防局投訴，他才急忙關閉群組。警方調查，該境外平台有被通報為詐欺平台，採多層級推薦制度，強調分享連結就能拿到團隊分潤與獎金，網路上也有許多被害人分享受騙經驗，分隊長被質疑要求同事拉親友成為下線，再往下拓展投資人數。消防局接獲投訴後，隨即交政風單位調查，並對分隊長祭出記過、調整服務單位處分，昨天彙整資料，將他移送懲戒法院審理。熱門賽事、球星動態不漏接    ,https://news.ltn.com.tw/news/society/paper/1733831
中配徐春鶯收押禁見 涉受中方指示、資助 幫柯文哲造勢,社會,2025/11/28 05:30,中配徐春鶯涉受中國指示、資助，替民眾黨總統候選人柯文哲造勢、宣傳，羈押禁見。（資料照）前年一度傳出將被民眾黨納入不分區立委名單、引發議論的台灣新住民發展協會名譽理事長徐春鶯，涉嫌在二〇二四年總統大選及二〇二二年直轄市長期間，涉受中國指示替民眾黨總統候選人柯文哲、當時無黨籍的台北市長候選人黃珊珊站台、造勢、宣傳支持，另又涉房產詐貸及經營地下匯兌。新北地檢署前天指揮調查局台中市調查處兵分十一路搜索，昨天訊後依反滲透法、刑法詐欺等罪嫌，有逃亡及串滅證之虞，向法院聲押禁見徐女獲准。涉房產詐貸、經營地下匯兌據了解，徐春鶯違法行為分為三大塊，一是涉接受中方指示、資助，在二〇二二年直轄市選舉及去年總統大選時，分別幫黃珊珊、柯文哲助選；二是涉營地下匯兌，幫數十名中國配偶進行人民幣與台幣換匯，金額逾千萬元；三是涉以房屋買賣墊高價格及出示不實文件，向銀行詐貸兩千多萬元。請繼續往下閱讀...檢察官黃佳彥、林佳慧前天指揮搜索徐女等人住處，帶回七名被告及十二名證人，訊後依「受滲透來源指示、資助，為直轄市市長候選人、總統候選人站台、造勢、宣傳支持」、詐欺取財、偽造文書、未經許可經營匯兌業務等罪聲押禁見徐女獲准，另六名被告包含共謀詐貸及被徐女找去參與造勢者，分獲交保。犯反滲透法、刑法詐欺等罪徐春鶯是在卅一年前以中配身份依親來台後，取得身分證，曾任國民黨新住民工作委員會委員、中華兩岸婚姻家庭服務聯盟秘書長、台北市新住民事務委員會委員等，前年傳出民眾黨曾考慮將她列入不分區立委名單，但因她曾任中共國企幹部身分等原因引發議論。熱門賽事、球星動態不漏接    ,https://news.ltn.com.tw/news/society/paper/1733758
香港宏福苑惡火增至83死　仍有多人失聯,社會,2025/11/28 01:30,香港新界大埔宏福苑26日發生香港數十年來最嚴重的火災，當局今天表示，死亡人數增至83人，消防人員仍在燒毀的高樓內尋找多名失聯者。香港01報導，消防處表示，截至凌晨零時，這場火災共造成83人死亡，其中包含一名消防員；醫管局則指出，截至零時，傷者之中有12人危殆、28人嚴重、17人穩定、21人出院。請繼續往下閱讀...路透社報導，目前仍有約300人被列為失蹤人員。擁有40多年歷史的宏福苑共有8幢大樓、1984間住房。火災發生前，宏福苑正進行外牆維修，所有大樓外牆都搭上了竹棚並蓋上保護網。法新社報導，火災發生超過24小時後，仍有住房看得到火光，救援人員持續向焦黑的外牆噴水。當局已拘捕3名與涉案營造公司有關人士。香港廉政公署表示，已成立專案小組，就宏福苑維修工程可能涉及貪污展開全面調查。（編輯：楊昭彥）1141128熱門賽事、球星動態不漏接    ,https://news.ltn.com.tw/news/society/breakingnews/5260601
擦撞側翻一路冒火花！嘉義太保轎車衰撞路邊鬼切車 驚悚畫面曝,社會,2025/11/27 23:42,後方轎車閃避不及擦撞側翻。（擷取自監視器影像）嘉義縣太保市縣道168線春珠段今晚9點50分左右發生驚悚車禍，有輛轎車從路邊往左切進外側車道，後方的轎車閃避不及，高速擦撞，整台車90度側翻滑行，一路冒出火花，最後翻覆；車禍造成2人受傷送醫。車禍地點就在太保消防分隊附近，縣消獲報，救護人員迅速趕到現場，發現32歲男性及13歲女性肢體外傷，意識清楚，送醫治療。請繼續往下閱讀...監視器影像顯示，一輛轎車緩慢開到道路右側暫停，大約10秒左右後，再往左切回外側車道，後方轎車來不及閃避擦撞，呈90度飛起，側面在路面摩擦出火花後翻覆，相當駭人。後方轎車閃避不及擦撞側翻，繼續往前衝。（擷取自監視器影像）轎車側翻往前衝，車身側面在路面擦出火花。（擷取自監視器影像）轎車側翻往前衝，車身側面在路面擦出火花，最後翻覆。（擷取自監視器影像）熱門賽事、球星動態不漏接    ,https://news.ltn.com.tw/news/society/breakingnews/5260591
北市明星高中學生校內墜樓 送醫不治,社會,2025/11/27 22:30,台北市某明星高中今天晚上發生墜樓事件，1名學生從校內1棟建築的5樓處墜落，送醫急救後不治。台北市消防局今晚7時許接獲報案，校園內有人墜樓。消防員將墜樓的女學生送醫急救，但仍傷重不治。請繼續往下閱讀...據悉，當時這名學生是從校內1棟建築的5樓處墜樓，被校方人員發現後報警。熱門賽事、球星動態不漏接    ,https://news.ltn.com.tw/news/society/breakingnews/5260562
11/27 今彩539頭獎開2注！800萬獎落南投、花蓮,社會,2025/11/27 22:15,11月27日開獎的第114000287期今彩539頭獎共開出2注。（台彩提供；本報合成）11月27日開獎的第114000287期今彩539頭獎開2注，由南投縣竹山鎮竹山里竹山路16之8號1樓「財億彩券行」、花蓮縣新城鄉北埔村北埔路182號「錢億來彩券行」開出；第114000095期威力彩頭獎則摃龜。第114000095期威力彩中獎號碼為「第一區：04、09、16、26、33、35，第二區：02」。頭獎摃龜；貳獎摃龜；參獎也摃龜；肆獎共32注中獎，每注可得2萬元；伍獎共171注中獎，每注可得4000元；陸獎共1170注中獎，每注可得800元；柒獎共2364注中獎，每注可得400元；捌獎共1萬3305注中獎，每注可得200元；玖獎共1萬6354注中獎，每注可得100元；普獎共3萬682注中獎，每注可得100元。請繼續往下閱讀...第114000287期今彩539中獎號碼為「07、19、22、25、28」，頭獎共2注中獎，每注可得800萬元；貳獎共187注中獎，每注可得2萬元；參獎共6499注中獎，每注可得300元；肆獎共7萬2020注中獎，每注可得50元。第114000287期39樂合彩中獎號碼為「07、19、22、25、28」，四合摃龜；三合共197注中獎，每注可得1萬1250元；二合共9985注中獎，每注可得1125元。第114000287期3星彩中獎號碼為「073」，壹獎共38注中獎，每注可得5000元。第114000287期4星彩中獎號碼為「6672」，壹獎共18注中獎，每注可得5萬元。確切中獎號碼以台彩網站公告為主，請見「台灣彩券網站」。威力彩、今彩539、39樂合彩、3星彩、4星彩中獎號碼。（擷取自台彩官網）熱門賽事、球星動態不漏接    ,https://news.ltn.com.tw/news/society/breakingnews/5260543
萬華雙和市場暗夜大火 火場救出灼傷7旬翁,社會,2025/11/27 21:29,萬華雙和市場失火，消防員到場救援。（記者王冠仁翻攝）台北市萬華區雙和市場今晚失火，起火點連棟鐵皮屋內有許多易燃物品，火勢一發不可收拾。消防員在火場中救出被灼傷的老翁，持續灌救與搜救。台北市消防局在晚上7時17分接獲報案，雙和市場旁雙和街31巷民宅發生火警。市場，周邊也有許多住家，消防局立刻派出大批人車救援。請繼續往下閱讀...消防員到場發現，起火處是一棟連棟鐵皮屋，屋內疑似有許多易燃物品，濃煙與火舌不斷竄出，火勢一發不可收拾，而且往周邊延燒。消防員部署水線灌救，同步搜救，救出灼傷7旬老翁，他意識清楚，送醫院治療。消防員持續搜救中。熱門賽事、球星動態不漏接    ,https://news.ltn.com.tw/news/society/breakingnews/5260501
女醫師出軌指導教授 人夫截親密郵件向師母揭發報復,社會,2025/11/27 21:18,知名醫院女醫師出軌指導教授，被高雄高分院判賠遮羞費。（情境照）南部某大醫院驚傳住院女醫師小芳（化名）出軌黃姓指導教授，被其夫發現截取郵件告知黃妻提告求償，女醫師辯稱遭職場性騷擾，高雄高分院勘驗郵件，「不會在玻璃前做愛、不可以天天做愛」等鹹濕對話，判決小芳賠償30萬元。據了解，黃姓教授先是小芳擔任住院醫師時期的指導老師，曾帶她一同巡房，後來她念研究所，碰巧又是她論文指導老師，2人並自2017年間起，開始交往，發生性關係長達2年多。請繼續往下閱讀...小芳出軌行為，被其夫阿國（化名）發現後大怒，取得2人親密對話電子郵件傳給黃妻報復，她於是對小芳提告，要求賠償200萬元精神撫慰金。小芳則說，黃妻擷取其夫電子郵件內容，侵犯他隱私權，沒有證據能力。又說，黃指導她期間，涉及職場性騷擾及違反校園專業倫理，並被告誡禁止報復或騷擾她，證明她是被害人，不是加害人，並無不法行為。高雄地院和高雄高分院調查，據小芳與黃男對話內容：「我不會遇到此生最美的洋裝，也不會在玻璃前做愛」、「不可以天天做愛啦。我們還有很多事情要忙。留在裡面不會不舒服」、「我覺得我們應該不要一直做愛。這樣不健康」等，不是職場性騷擾，認定有嘿咻行為，判決小芳賠償黃妻30萬元遮羞費，仍可上訴。熱門賽事、球星動態不漏接    ,https://news.ltn.com.tw/news/society/breakingnews/5260493
花縣消防局高層遭爆接受廠商豪華宴飲 獨厚捕蜂捉蛇業務,社會,2025/11/27 21:05,"民眾投訴花蓮縣政府消防局李姓高層跟得標廠商交往過密，今年9月廠商宴請最高級和牛餐，甚至還幫廠商在消防局內喬專屬辦公室。（取自Google Maps）首次上稿16:58更新時間21:05（新增當事人說法）有民眾投訴花蓮縣政府消防局李姓高層跟得標廠商交往過密，今年9月廠商宴請最高級和牛餐，甚至還幫廠商在消防局內喬專屬辦公室，縣議員鄭寶秀昨在議會質詢關心此事。消防局長吳兆遠回應說，豪華宴飲部分，初步了解是為了慶生，幾個主管一起出錢宴請屬下，並無請廠商付錢情形，會要求相關人員落實廉能透明措施。請繼續往下閱讀...李姓主管澄清說，投訴都是不實內容，會找律師研究，不排除採取法律行動。他強調，慶生宴是自己出錢，當天並沒有喝酒，所以沒有什麼廠商買單2箱高級威士忌云云，更沒有廠商的專屬辦公室，是因為捕蜂捉蛇要隨時接電話，在開辦初期就有設辦公桌在搶救科，那時也不是這個廠商，駐點是業務所需，並無獨厚特定對象，一切過程都依法辦理，希望外界不要以訛傳訛。民眾爆料指出，今年9月李姓主管與相關業務承辦等7人，以慶生為由，與得標廠商共享一桌高達2萬餘元的豪華餐宴，有A5最高級的和牛、松阪豬等，加上2箱12瓶XR-21高級威士忌，全由女性廠商買單。這名廠商負責消防局每年近千萬的捕蜂捉蛇等業務，在消防局內還有專屬的辦公室，2人關係也相當緊密。爆料還說，其他縣市捕蜂捉蛇這類不確定的案件多採開口契約，視實際需要，隨時通知廠商履約，最終則依實際施作或供應的數量結算費用，不過花蓮卻每年直接編列近1000萬預算，從2022年起都一直是這家廠商得標。已婚的李姓主管跟女廠商關係緊密，還會催核銷撥款進度，在外交際應酬多由廠商陪同及買單。吳兆遠回應，為減輕消防隊的勤務負擔與專注本業，花蓮縣2021年9月1日起，把捕蜂捉蛇業務委外處理，由中央農業部與縣府預算各出一半，民眾若遇到蜂、蛇問題撥打119報案，由消防局指揮中心轉介給委外廠商處理，標案都經過局內外多名委員公開評選；由於花蓮南北狹長、面積遼闊，每件編列2300元，明年度中央不補助後，完全由縣預算支出，目前考慮回歸農政單位承辦。他上任後廠商已無在消防局辦公。消防局指出，捕蜂捉蛇相關業務自2021年9月起由農業部林業及自然保育署補助、縣府農業處編列相關經費，由消防局協助招標委外方式辦理，截至今年10月止，共執行1萬5982件捕蜂捉蛇案件，2021年總經費369萬餘元，執行1620件；2022年總經費910萬元，執行2859件；2023年總經費980萬元，執行4096件；2024年總經費908萬4087元，執行3603件；今年度總經費963萬8705元，截至10月底經費使用831萬4710元，執行3804件。熱門賽事、球星動態不漏接    ",https://news.ltn.com.tw/news/society/breakingnews/5260112
獎落誰家？ 11/27 威力彩、今彩539開獎了,社會,2025/11/27 20:55,威力彩開獎號碼。（擷取自三立iNEWS《全民i彩券》）今天（11月27日）台彩各項開獎獎項及獎號。威力彩：04、09、16、26、33、35，第二區：02。請繼續往下閱讀...今彩539：07、19、22、25、28。39樂合彩：07、19、22、25、28。3星彩：073。4星彩：6672。確切中獎號碼以台彩網站公告為主，請見「台灣彩券網站」。今彩539、39樂合彩開獎號碼。（擷取自三立iNEWS《全民i彩券》）3星彩開獎號碼。（擷取自三立iNEWS《全民i彩券》）4星彩開獎號碼。（擷取自三立iNEWS《全民i彩券》）熱門賽事、球星動態不漏接    ,https://news.ltn.com.tw/news/society/breakingnews/5260477
是惹到誰？彰化社頭山壩福德宮昨遭潑紅漆 今又被縱火,社會,2025/11/27 20:23,山壩福德宮昨天傳出被人潑漆破壞，今天上午工人要進場維修，發現廟內部竟被焚燒。（民眾提供）彰化縣社頭鄉湳底村的山壩福德宮昨天傳出被人潑漆破壞，今天上午工人要進場維修，發現廟內部竟被焚燒。管委會懷疑是被二度破壞，直呼實在太離譜，希望警方能盡速破案，以免讓地方人心惶惶。山壩福德正神管委會主委邱金珍說，昨天上午發現剛蓋好的福德宮新廟裡的牆面麒麟竟被潑紅漆破壞，已向警方報案，沒想到今天上午要進場維修的工人又通報，新廟地面又有疑似焚燒泡棉的痕跡，懷疑是有人又來放火燒土地公新廟，大家都覺得太誇張了，希望警方儘速逮到不肖人士，否則地方議論紛紛。請繼續往下閱讀...山壩福德宮是湳底村的信仰中心之一，供奉的土地公是村內許多人從小拜到大，已有百年歷史，今年村民才為土地公打造神像，並募款數十萬元，為土地公蓋廟，並定12月要安座入火，沒想到新廟還沒啟用就被破壞。山壩福德宮昨天傳出被人潑漆破壞。（翻攝自山壩福德宮臉書）熱門賽事、球星動態不漏接    ,https://news.ltn.com.tw/news/society/breakingnews/5260441
割頸殺害前女友移審續押禁見 夜店保安聲請精神鑑定,社會,2025/11/27 20:09,檢察官認定劉柏葳殺害谷姓前女友事證明確，昨依涉犯殺人罪將他起訴，今日移審台北地院，法官傍晚開接押庭，訊後裁定劉男羈押禁見3個月。（資料照）台北信義威秀22歲夜店保安人員劉柏葳，今年5月對從事夜店公關的谷姓前女友施暴，女方分手提告並聲請保護令獲准，劉男7月30日接到警方通知保護令後，竟惱羞持刀埋伏於谷女上班必經之路堵人，狠刺30多刀割頸致死；台北地檢署昨依殺人罪起訴劉男，今日移審台北地院。法官傍晚開接押庭，劉男向法院聲請精神鑑定；法官訊後裁定劉男羈押禁見3個月。檢警調查，劉柏葳於擔任夜店保安時，結識27歲谷姓女公關，2人交往後曾短暫同居，但因劉男控制欲強烈、疑神疑鬼而爆發衝突，今年5月15日劉男毆打谷女，谷女至醫院驗傷，提出家暴傷害告訴並聲請保護令，法院7月29日裁准核發保護令，警方30日依規定通知並告誡劉男不得接觸谷女。請繼續往下閱讀...劉男心生怨恨，當晚即持彈簧刀至北市信義威秀地下停車場埋伏，預謀殺害上班必經此處的谷女，等候約40分鐘後，谷女騎電動滑板車現身，劉男將她拖到樓梯間，猛刺30多刀還割頸，集中攻擊頭、頸、後背等要害，谷女雙手也有多道反抗刀痕。劉男行凶後，駕車逃往預放機車的停車場，再騎機車循北宜公路逃往宜蘭五結鄉的外公家，期間將凶刀丟棄路旁山崖下，警方7月31日凌晨前往逮人歸案。劉男於警詢時宣稱精神狀態不佳、有相關疾病，但檢察官偵辦時他卻未提此項主張，也未要求做精神鑑定，北檢認定劉男預謀殺人意圖犯行明確，26日提起公訴，今日移審至北院。北院分案由國民法官庭審理，受命法官傍晚開接押庭，劉男認罪，但重新主張案發時他有精神問題，聲請進行精神鑑定。法官認為劉男涉犯殺人重罪，有逃亡事實，且有與夜店相關證人勾串之虞，諭知羈押禁見3個月。熱門賽事、球星動態不漏接    ,https://news.ltn.com.tw/news/society/breakingnews/5260428
台糖台南銀髮宅判廠商須歸還 家苑決上訴：判決自我矛盾,社會,2025/11/27 20:03,經營台南東區崇賢循環銀髮住宅（見圖）的家苑公司，不服一審判決須返還房地，決定上訴二審。（資料照，民眾提供）對於台南地院認定台南東區循環銀髮住宅營運的家苑公司違反租約、判家苑須返還銀髮宅房地給台糖公司。家苑公司回應說，法院雖判該公司返還房屋，卻罕見駁回台糖假執行的聲請，顯見連法院都認同執行將造成此住宅的重大公益損害。家苑公司表示，本案充滿疑點，台糖寧願違約也不願交付竣工圖，是否為了掩蓋建築瑕疵？該公司將上訴到底，要求台糖給社會一個交代！業者並說，這是1份邏輯自我矛盾的判決，法官一方面判准終止租約；另一方面卻認同執行將造成社會公益損害而駁回假執行，顯示連法院都認為台糖權利行使有重大疑慮，且深知強制驅離將造成不可挽回的後果。既然如此，為何還要做出如此判決？家苑將在二審尋求解答。請繼續往下閱讀...台糖則說，本案是台糖將整棟循環住宅出租給家苑公司，由家苑依契約規定自行負責規劃與營運管理。倘日後台糖公司依法取回房地，將依市場狀況、實際推動情形及社會需求，重新評估後續辦理方式。台糖並強調，高等法院台南分院已裁定禁止家苑公司就本案為轉租、設定負擔及其他處分行為，並於今年11月20日由法院會同台糖公司到場辦理假處分強制執行作業。因本案招租是由家苑自行對外辦理，相關承租戶名冊亦由家苑掌握。台糖呼籲家苑公司應依法院裁定及相關判決內容，停止對外出租並將房地返還給台糖公司，以確保各方權益。台糖會秉持法律及契約精神，依照法律程序與相關規定持續辦理各項作業。台南銀髮宅營運爆違約！台糖告上法院 一審判廠商返還住宅大樓台糖公司（見圖）向家苑公司喊話呼籲依照一審判決結果、將循環銀髮住宅大樓歸還給台糖。（資料照，民眾提供）熱門賽事、球星動態不漏接    ,https://news.ltn.com.tw/news/society/breakingnews/5260430
訪視不實涉過失致死 新北社工證稱：陳尚潔負責追蹤剴剴身心狀況,社會,2025/11/27 19:58,台北市1歲10月男童「剴剴」被保母劉彩萱姊妹檔虐待致死，檢方查出時任兒福聯盟社工陳尚潔（左）未按月訪視，卻撰寫不實工作紀錄，並在案發後修改紀錄以掩飾犯行，涉過失致死罪、偽造文書等罪嫌被起訴。（資料照）台北市1歲10月男童「剴剴」前年被保母劉彩萱姊妹檔虐待致死，檢方查出時任兒福聯盟社工陳尚潔未按月訪視，卻撰寫不實工作紀錄，並在案發後修改紀錄以掩飾犯行，涉過失致死罪、偽造文書等罪嫌被起訴。台北地院今開庭，傳喚新北市社會局樹鶯社福中心施姓女社工等3人作證，施女證稱陳尚潔曾來電說，訪視劉彩萱住處時發現剴剴額頭有瘀傷，劉彩萱當時說剴剴會自撞、自傷，陳與施遂自行分工，由陳女負責追蹤剴剴的身心狀況，施女追蹤剴剴在原生家庭時的狀況，施女基於信任而相信陳女的訪視報告與工作紀錄。「剴剴」前年9月經兒福聯盟轉介由保母劉彩萱照顧，劉彩萱與胞妹劉若琳卻將剴剴虐待致死，北院國民法庭今年5月13日判劉彩萱無期徒刑、劉若琳18年徒刑，上訴二審中；北檢查出陳尚潔於本案訪查不實且偽造紀錄，亦涉及刑責，另行起訴陳尚潔。請繼續往下閱讀...北檢起訴指出，剴剴過世後，陳尚潔為了推卸責任、掩飾自己的訪視不實，於2023年12月24日剴剴被送醫救治時，向急診護理師謊稱剴剴的主要照顧者是外婆；又因擔心被發現訪視疏失，遂和兒福總督導等人成立「剴剴小天使」群組，告知大家不要通知外婆，以規避、拖延檢方調查，刻意隔絕家屬對剴剴的關懷與關切，導致家人未能及時發現剴剴受虐，事後並不斷增補、修改工作紀錄誤導辦案。新北市社福中心施姓女社工今日到庭證稱，剴剴原本由外婆自費僱請周姓保母照顧，但外婆財力無法負荷，於是申請出養，由兒福聯盟協助媒合，過渡期由兒盟負擔保母費，轉介給劉彩萱照顧。大約1個月後，陳尚潔打電話至社福中心向施女反映，訪視時發現剴剴額頭有瘀傷，劉彩萱當時說剴剴會撞牆、自摔、自傷、罵髒話，陳尚潔想了解先前由周姓保母照顧時有沒有此情況。施女將先前訪視周姓保母的照顧經驗回覆陳尚潔，表示剴剴之前沒有這些狀況，她再與陳尚潔討論分工，由陳尚潔負責追蹤剴剴身心現況，施女負責追蹤原生家庭狀況，若狀況持續不穩定，可能會終止媒合收養。施女表示，沒有能證明2人分工的文件，可能要調取那通電話錄音，但不確定是否有保留至今。施女說，社會局限定訪視後30天內要完成訪視報告，但「工作紀錄」沒有規定時限，她無法回答誰是剴剴的主責社工，承認自己並非完全沒有責任，但陳尚潔是最能立即追蹤孩子狀況的社工，她基於信任而相信陳尚潔會追蹤和報告。熱門賽事、球星動態不漏接    ,https://news.ltn.com.tw/news/society/breakingnews/5260405
台南銀髮宅營運爆違約！台糖告上法院 一審判廠商返還住宅大樓,社會,2025/11/27 19:38,位於台南東區崇賢六路與巴克禮路口的台糖循環銀髮住宅大樓，爆出營運廠商涉違約情事，被台糖公司告上法院。（記者王俊忠攝）台糖公司在台南東區興建的循環銀髮住宅111戶標租給家苑公司經營招收租客，台糖控訴家苑繳第1期租金後未再繳租金、租賃權轉讓另家公司、未將住戶保證金信託、停車場未獲許可即委外經營等多個違約行為，已於今年表明終止租約並提告。台南地院審認家苑公司確有違約情事、判須把循環住宅大樓還給台糖。台糖在台南東區崇賢六路與巴克禮路口的自有土地，斥資4.8億元興建這座銀髮住宅大樓，2023年9月完工。台糖表示，經標租給家苑健康公司經營、並於2024年6月初簽訂10年租約，年租金2500萬元。請繼續往下閱讀...台糖控訴，家苑在租賃期內有多項違約情事，簽約時預繳第一期租金，之後未付任何租金，台糖在今年1月函文催告，家苑仍置之不理；未經台糖同意把租賃權轉讓給康緹公司；家苑未依營管計畫書把收取的住戶保證金相關費用，辦理信託、繳入信託帳戶。此外，家苑未取得合法許可，將該宅地下停車場委由悠勢公司經營停車場，違反租約；在室內裝修、廣告看板也有違規情形；並妨礙機電保固廠商進入做必要的保固、檢查等工作。台糖說，有函請家苑限期改善仍未改正，今年3月函文表達終止租約；9月在法院開庭時也表明終止租約，要求家苑返還銀髮宅。家苑辯解，台糖租約內容不完整，迄今未點交房地、未交付房屋竣工圖，免計租金從點交日起算，所以無需給付租金；並說與康緹公司簽委託經營契約，並非讓與租賃權；因為台糖利用媒體散布對家苑不利的消息，使銀行暫緩家苑的信託申請；悠勢經營停車場被裁罰，是因台糖未提供竣工圖，無法申請停車場登記證；家苑也沒有妨礙保固廠商進入。南院法官審認，檢視內容雙方租約是成立的，並認定房地至遲在2024年6月13日起視為點交，依租約計算，家苑從2024年12月21日起遲付應繳租金，台糖曾在今年催告，家苑仍未繳納；家苑委託康緹經營，也違反租約。對於家苑一直未將住戶繳納款項繳入信託帳戶，法官認定違反租約；而地下停車場違規營業，有相關公文為證，悠勢公司有過失，家苑也有同一責任；但查無家苑妨礙廠商進入等其他控訴情事。不過，家苑有上述積欠租金、違反法令使用等違約情事，台糖有權終止租約，台糖於今年9月下旬開庭表明終止租約要求家苑返還房地，法官判認依法有理由，應予准許。至於台糖聲請假執行等其他求償訴求，法官則予駁回；此案還可上訴。台糖台南銀髮宅判廠商須歸還 家苑決上訴：判決自我矛盾熱門賽事、球星動態不漏接    ,https://news.ltn.com.tw/news/society/breakingnews/5260386
彰化男酒駕車禍肇逃 開到隔壁鎮撞騎士,社會,2025/11/27 19:30,胡男在員林市開休旅車撞前方的小客車後逃逸。（民眾提供）彰化縣胡姓駕駛（47歲）26日晚間在員林市育英路撞上由龔姓男子駕駛的小客車，龔男受輕傷送醫，胡男肇事逃逸。胡男續開車到溪湖鎮又撞上另一部機車，繼續肇逃，直到今天上午被警方通知到案，酒測值超標，已被依公共危險罪及傷害罪函送法辦。胡男於今天上午8點多到案說明，並進行酒測，其酒測值超標，但因不是現行犯，警方詢問後，依公共危險罪及傷害罪函送法辦。請繼續往下閱讀...警方表示，胡男昨晚10點多在員林市育英路先是撞上同方向由龔男駕駛的小客車後，再撞上停放路旁的另一輛小客車，其前保險桿及車牌掉落都掉落在事故現場，龔男也因撞擊太大，頭頸不適送醫救治。胡男肇逃後沿員鹿路往溪湖方向行駛，又在員鹿路溪湖交流道旁擦撞一名50歲李姓機車騎士，機車騎士也受輕傷送醫救治，胡男仍舊肇逃，直到警方依車牌查緝到胡男身份，通知到案說明。熱門賽事、球星動態不漏接    ,https://news.ltn.com.tw/news/society/breakingnews/5260426
台積電前副總羅唯仁涉洩密住處被搜索 人早已出境赴美,社會,2025/11/27 19:24,台積電前資深副總經理羅唯仁跳槽英特爾，據了解，他10月已出境去美國。（資料照）檢調偵辦台積電前資深副總經理羅唯仁涉國安法等案件，昨天前往他的住居所搜索，已扣得電腦、隨身碟等。據了解，羅唯仁今年10月已出境前往美國，不排除後續傳喚羅唯仁到案。外傳台積電前資深副總經理羅唯仁退休前疑似帶走2奈米等先進製程等資料回鍋英特爾。台灣高檢署智財分署18日剪報分國家安全法等「他字案」偵辦。檢察官昨天指揮調查局新竹市站搜索羅唯仁位於台北市、新竹縣的住居所，扣得電腦、隨身碟等相關證物。請繼續往下閱讀...法界人士指出，檢調將加緊分析扣案證物，釐清羅唯仁涉案情節，並傳喚羅唯仁到案說明，依據相關規定，若無正當理由未到案，就有可能後續遭拘提，拘提無著，即會發布通緝。根據台灣高檢署新聞稿，檢察官也在昨天依刑事訴訟法第133條第2項規定向智慧財產及商業法院聲請扣押羅唯仁的股票、不動產，並經法院核准。此外，民事違約等求償案件部分，聲請人台灣積體電路製造股份有限公司對相對人羅唯仁提起聲請定暫時狀態之處分案件，智慧財產及商業法院已受理，法官閱卷審理中。至於定暫聲請意旨，法院表示因台積電已在聲請狀中表明本件聲請涉及諸多營業秘密事項，請求法院審慎處理，法院在案情釐清並徵得台積電同意之前，不便揭露相關聲請內容。熱門賽事、球星動態不漏接    ,https://news.ltn.com.tw/news/society/breakingnews/5260375
中華電信假交易損失3411萬 4主管與2業者判緩刑,社會,2025/11/27 18:59,中華電信嘉義營運處4主管與2業者涉犯共同詐欺取財罪，遭嘉義地院判刑。（記者丁偉杰攝）中華電信嘉義營運處黃姓前副總經理等4名主管，被控於2016年間為了拓展業務，竟與廖姓、張姓2名業者合謀，涉嫌虛構採購案，致中華電信損失3411萬餘元，嘉義地院今天依犯共同詐欺取財罪，判處6人均緩刑，並沒收犯罪所得。起訴指出，中華電信嘉義營運處黃姓副總、林姓科長、林姓股長及黃姓業務經理在2016年間因業務衰退，為增加營運處營收，達到績效標準，便組專案小組，與有借貸週轉需求的張姓業者，及另一家與廖男有業務配合的張姓業者，共同創設3筆虛假鋼筋採購案。請繼續往下閱讀...便共同安排虛假交易之外觀，復以不實發票、不實驗收紀錄向中華電信請款，取得撥款後作為廖男周轉之用，以此詐術致中華電信因這3件採購案，損失3411萬餘元。判決指出，林姓股長於法院準備程序、審理時皆坦承犯行，其餘5人則分別否認全部或部分犯行，6人均未於本案偵審期間與中華電信公司達成和解，亦未賠償損失。惟判決表示，衡酌本案因中華電信為拓展業務，而使員工鋌而走險，於全國各地皆有相類案件，審酌6人均符合得宣告緩刑要件，黃姓前副總等4名主管，分別判處1年4個月至1年6個月不等徒刑，均緩刑4年，各須向公庫支付15萬元至50萬元，及參加法治教育。廖姓、張姓2業者分別判處1年6個月、1年徒刑，緩刑4年及3年，各須向公庫支付30萬元、10萬元，及參加法治教育。熱門賽事、球星動態不漏接    ,https://news.ltn.com.tw/news/society/breakingnews/5260363
節拍器聲響！「超慢跑」跑進台中女監 伴收容人找回溫度與力量,社會,2025/11/27 18:45,台中女監今邀請徐棟英教官前來分享超慢跑。（台中女監提供）台中女子監獄地處大肚山腰且高齡收容人數日趨成長，典獄長林順斌注意到冬天收容人常感到手腳冰冷、活動量下降，而監所空間有限不易大範圍運動，今天特別邀請超慢跑推廣者徐棟英前來，教導這項動作簡單、節奏溫和且適合大多數人的運動，協助收容人在寒冷季節中仍能保持體能與活力。活動中，徐棟英以「核心逆齡節拍超慢跑」為主題，分享這項溫和卻極具力量的運動，他強調，超慢跑不是比速度，也不是拚體能，而是「持續」與「穩定」，只要抓住節拍、維持正確姿勢，就能讓核心肌群參與運作，達到燃脂、增肌與循環變好的效果。請繼續往下閱讀...示範時，徐棟英耐心地拆解動作：腳掌如何落地、手臂如何自然擺動、如何讓呼吸跟著節奏走，用最容易理解的方式引導大家重新感受自己的身體，原本還略顯緊張害羞的收容人們，在循序練習後，臉上的神情慢慢放鬆，甚至露出久違笑容，隨著節拍器的聲音，一步一步，輕盈又安穩。此外，監方也由各工場推派數名收容人擔任種子教官，在接受示範課程後再回到工場，帶領其他收容人一起練習，期盼透過這種輕鬆簡單的運動方式，以點帶面，培養收容人運動習慣，未來也將持續推廣適合監所環境的運動，希藉此讓每位收容人都能在有限空間裡，找到紓壓放鬆方法，也在寒冷冬季，為自己找回溫度與力量。監方希藉此運動協助收容人紓壓放鬆。（台中女監提供）各工場推派數名收容人擔任種子教官。（台中女監提供）熱門賽事、球星動態不漏接    ,https://news.ltn.com.tw/news/society/breakingnews/5260306
涉受中方指示、資助幫柯文哲站台 徐春鶯收押禁見,社會,2025/11/27 18:08,徐春鶯。（資料照）曾傳出被民眾黨納入「不分區立委安全名單」的台灣新住民發展協會名譽理事長徐春鶯，今日因違反銀行法、刑法詐欺、偽造文書、反滲透法等罪嫌被羈押禁見；據了解，檢調發現，徐春鶯涉嫌受中方滲透來源指示、資助，在2024年總統大選及2022年直轄市長期間，替民眾黨總統參選人柯文哲、台北市長參選人黃珊珊站台、造勢、宣傳支持。據了解，檢調偵辦徐春鶯一案，總共分為三大塊，第一是她涉嫌地下匯兌幫數十名中配進行人民幣與新台幣換匯，金額高達上千萬元，涉違反銀行法；第二是，她涉以房屋及不實文件向銀行詐貸。請繼續往下閱讀...檢調還發現，徐春鶯涉反滲透法，涉受中方滲透來源指示、資助，或本身就是滲透來源，分別在2024年總統大選期間替民眾黨總統參選人柯文哲、及2022年直轄市長期間幫台北市長參選人黃珊珊站台，造勢、宣傳支持。檢肅黑金專組檢察官黃佳彥、林佳慧昨指揮台中處搜索徐的住居所等11處，並帶回徐及共謀詐貸及前往站台的共犯等7名被告及相關證人12人釐清案情，訊後聲押銀行法、刑法行使業務上登載不實文書、詐欺取財、反滲透法「受滲透來源指示、資助，為直轄市市長候選人、總統候選人站台、造勢、宣傳支持」、「滲透來源指示、委託，為直轄市市長候選人站台、造勢等」罪嫌重大，有逃亡、串、湮證之虞，向法院聲請羈押禁見獲准。吳欣岱指出，2019年台北市政府舉辦「大江南北新住民園遊會」的照片中，柯文哲與徐春鶯之間有密切互動。（資料照，取自吳欣岱臉書）熱門賽事、球星動態不漏接    ,https://news.ltn.com.tw/news/society/breakingnews/5260266
花蓮市垃圾場又傳火警 東北風助長火勢,社會,2025/11/27 17:34,花蓮市垃圾山再度起火。（民眾提供）花蓮市華東垃圾場今年火燒好幾次，掩埋場今天下午4點41分又傳出火災，垃圾場冒出的濃煙直竄天際，就連數公里外的花蓮市區美崙都看得到濃煙，在東北季風助長下，花蓮高中、門諾醫院一帶都可以聞到煙臭味，花蓮縣消防局獲報立即派遣鄰近各分隊前往灌救，目前火勢仍持續中！花蓮市公所請下風處住戶緊閉門窗，外出戴口罩。今年吉安鄉、花蓮市垃圾掩埋場相繼發生多起火燒垃圾場事件，花蓮市美崙的垃圾掩埋場本月初才因沼氣造成起火，今天花蓮縣議會總質詢，上午才有議員質詢花蓮市、吉安鄉垃圾掩埋場去化的議題，沒想到今天下午再度起火燃燒，由於今日天氣沒有下雨，加上海邊風大助長火勢，一發不可收拾。請繼續往下閱讀...花蓮縣環保局長饒慶龍今天表示，花蓮市垃圾掩埋場目前堆置裸露垃圾約4萬5584餘噸，縣府規劃於115年底前完成全面去化，委託台泥DAKA再生資源利用中心協助處理，評估每日處理量可由200噸提升至250噸，將全力加速花蓮市裸露垃圾去化進度，預計明年底前完成。花蓮市垃圾山再度起火。（民眾提供）熱門賽事、球星動態不漏接    ,https://news.ltn.com.tw/news/society/breakingnews/5260211
少女遭男大生性侵沉默10年！成年後不忍了提告 惡狼下場曝,社會,2025/11/27 17:23,台中高分院維持原判，民事部分判陳需賠80萬元。（資料照）彰化一名女子長期背負遭性侵心理重擔，直到成年後才決定揭開10年前傷痕，將當年仍在念大學的陳姓男子告上法院，這場橫跨10年的追訴歷經兩審，陳男都否認犯行，但台中高分院最終認定事證明確，判處陳男8年徒刑，仍可上訴，至於民事部分則須賠償80萬元確定。事件發生在2014年，當時就讀國中少女年僅13歲，經常到彰化某網咖上網，陳男則在店內工讀相識，某日下午，陳以臉書傳訊邀約少女翹課後，將少女帶往其住處性侵得逞。請繼續往下閱讀...回到家後，少女害怕被責怪，不敢向觀念保守家人傾訴，選擇隱忍封存記憶，但多年來持續受到影響，這些創傷讓她難以進入親密關係，甚至曾出現情緒崩潰狀況，直到成年後才在去年鼓起勇氣提告。案件審理期間，陳男全面否認，強調兩人之間沒有發生任何不當行為，反覆質疑少女多年後才提告可信度，但彰化地院審認，案發時少女尚屬年幼，考量恐遭父母責難、社會眼光，選擇沈默隱忍，成年後思慮成熟，已有勇氣面對過往遭性侵一事，雖事隔多年才提告，未違反常理，據此追訴陳男犯行，合乎情理。此外，少女多年來曾向哥哥、同學等信任對象透露內心創傷，其當時情緒與敘述具有「真實經驗反應性」，屬於重要佐證，法官據此依對未滿14歲少女犯強制性交罪，判刑8年，全案上訴台中高分院後駁回，維持原判，目前仍在最高法院審理中，另民事部分向陳男求償200萬元，台中高分院審酌判陳需賠80萬元，全案確定。熱門賽事、球星動態不漏接    ,https://news.ltn.com.tw/news/society/breakingnews/5260178
台中鄰居幫婦餵狗 一聽「匯款救急」秒報警阻詐,社會,2025/11/27 17:18,蕭婦隔壁鄰居聽見「匯款10萬救急」內容。（讀者提供）台中龍井區84歲蕭婦，突接到搬去宜蘭的老鄰居來電，「老鄰居」稱兒子去國外「戰爭」沒辦法回台，「老鄰居」因罹患重病要借10萬元開刀；蕭婦準備出門領錢，隔壁鄰居常協助餵狗，聽見「匯款10萬救急」通話內容，立即通報蕭婦住在高雄的兒子，兒子回撥發現母親電話持續佔線，急忙報警阻詐。烏日警分局今表示，麗水派出所25日上午10時半分許獲報，蕭婦兒子稱母親疑遭詐騙，進一步了解，查出「真正的鄰居」常幫忙餵狗，無意間聽見蕭婦通話提及「匯款10萬救急」，立即通知蕭婦兒子，兒子嘗試回撥卻發現電話持續佔線，身在高雄「遠水救不了近火」，報警協助。請繼續往下閱讀...員警趕抵蕭婦家，發現蕭婦備妥存摺、印章準備出門，員警攔阻，蕭婦焦急稱「她沒有被騙，是搬去宜蘭的老鄰居生重病要借錢」，還說對方兒子去戰爭無法回來，急需用錢救急，員警安撫並回撥給「老鄰居」，詐團一聽到員警聲音秒掛電話。麗水派出所長黃男吉說，蕭婦驚覺差點被騙走積蓄老本，連忙感謝幫忙餵狗的「正牌鄰居」，直呼還是近鄰最實在，員警協助叫車，將蕭婦送往居住於台中的另一名兒子家中照料。烏日警分局長劉雲鵬呼籲，民眾接到自稱親友來電借錢，勿依照對方指示匯款，也拜託多關懷家中長輩，若發現問題請撥打165或110尋求協助。☆自由時報電子報提醒您，防詐騙專線︰165，報案專線︰110☆龍井區84歲蕭婦（右），差點被「老鄰居」騙走10萬元。（讀者提供）熱門賽事、球星動態不漏接    ,https://news.ltn.com.tw/news/society/breakingnews/5260140
徐春鶯涉反滲透法、銀行法、詐欺 收押禁見,社會,2025/11/27 17:11,徐春鶯。（資料照）曾傳出被民眾黨納入「不分區立委安全名單」的台灣新住民發展協會名譽理事長徐春鶯，驚傳昨因涉詐欺等案，被新北地檢署指揮調查局台中市調查處發動搜索約談，訊後依詐欺等罪嫌聲押禁見；新北地院下午5時許裁定徐涉嫌違反銀行法、刑法詐欺、反滲透法等罪嫌，犯罪嫌疑重大，並有逃亡、湮滅證據、勾串證人之虞，有羈押之必要，應予羈押，且禁止接見通信。徐春鶯出生於上海，曾在上海市虹口區商業局轄下的國營綜合貿易公司工作，後又調往上海市楊浦區商業局轄下的國營綜合貿易公司工作，初期曾任工會幹部，後轉任人事科科員與科長。請繼續往下閱讀...1993年，徐春鶯以中配身份，依親來台，2011年起，陸續擔任社團法人台灣新住民發展協會的常務理事、理事長，中國國民黨新住民工作委員會委員、中華兩岸婚姻家庭服務聯盟秘書長、台北市新住民事務委員會委員等工作。2023年10月底，傳出徐春鶯將在2024立委選舉擔任台灣民眾黨的全國不分區立法委員候選人，且可能列在排名靠前的安全名單當中；徐因過去言行與個人擔任中華人民共和國國有企業幹部的經歷，引發議論。熱門賽事、球星動態不漏接    ,https://news.ltn.com.tw/news/society/breakingnews/5260172
公園樹下尿尿罰不怕「怎麼辦」？高市警察局長：儘量服務,社會,2025/11/27 17:11,高雄市議員曾麗燕希望市府能夠採取有效的辦法，讓民眾不要在公園樹下隨意尿尿，警察局長林炎田答詢說，警察會儘量服務。（記者王榮祥翻攝）高雄繼三民公園後，前鎮瑞興兒童遊戲場也傳出有人愛在樹下尿尿，罰都罰不怕、讓地方很困擾；市議員曾麗燕詢問誰能處理？市長陳其邁示意警察局長林炎田答詢，林炎田一本正經地說：「能夠處理、警察儘量服務」。曾麗燕今表示，很感謝市府協助，今年才建議改善瑞興兒童遊戲場，立刻就進行改造，且改造後的空間頗受好評，無論老人、小孩都喜歡。但常在公園休憩的民眾抱怨，最近有個人每天都來樹下尿尿、味道好臭，聽說他尿完還會刻意轉身讓人「看」；里長也拍照交給相關單位開罰，但處罰好幾次好像也沒效，里長還被質疑包庇尿尿男。該怎麼做、才能不讓那個人尿尿？請繼續往下閱讀...公園處長林燦銘答詢說，已經對這位違規民眾開過幾次罰單，每次1200元，會再加強查核；曾麗燕認為這樣還不夠，對那位尿尿者根本沒效，可以關起來嗎？林燦銘尷尬笑說只能罰、不能關。曾麗燕不放棄，再追問市長陳其邁有好的辦法嗎？陳其邁微笑舉手、指向坐在對面的警察局長林炎田，林炎田隨即起身、一本正經答詢說：「能夠處理、警察儘量服務」。曾麗燕詢問，能不能把愛在公園尿尿的民眾關起來，公園處長林燦銘尷尬笑說，只能罰、不能關。（記者王榮祥翻攝）熱門賽事、球星動態不漏接    ,https://news.ltn.com.tw/news/society/breakingnews/5260164
通姦除罪聲請人涉詐貸、侵占 檢調搜索,社會,2025/11/27 17:10,台北地檢署。（資料照）通姦除罪釋憲案聲請人周姓男子，去年被檢方查出是假律師並恐嚇女友。檢調獲報，周男另涉侵占、詐貸等罪，北檢今天指揮調查局台北市調處搜索，並約談周男等8人，全案朝詐欺等罪偵辦。司法院大法官會議（已改制為憲法法庭）於民國109年5月間做出釋字第791號解釋，刑法第239條通姦罪違憲，立即失效，周男為聲請人之一。北檢另查出周男涉嫌違反律師法、恐嚇等罪，已於去年起訴周男，法院判決有罪定讞。請繼續往下閱讀...檢調接獲檢舉，周男的公司在南部購買一棟建築，與某大學簽訂包租契約，雙方因故發生糾紛，大學支付周男的公司新台幣2850萬元和解，周男被控侵占這筆款項，另外購置房地產。檢調調查，周男的公司將這棟原本作為宿舍的建築賣給另外2家公司，周男被控與這兩家公司共謀，墊高交易價格至2億3000萬元，涉嫌以不實合約向銀行詐貸1億6000萬元。台北地檢署今天指揮調查局台北市調處，持法院核發的搜索票，搜索周男等8人的住居所等共20處所，另通知周男等8人到案查證，全案朝詐欺、侵占等罪偵辦。熱門賽事、球星動態不漏接    ,https://news.ltn.com.tw/news/society/breakingnews/5260134
台南烏樹林暫置場火災最新進度 燃燒高度再降低1公尺,社會,2025/11/27 17:06,南市環保局公布烏樹木火場最新進度，現場燃燒區域持續縮減，空氣品質與水質監測均無異常，火勢未再擴大。（南市環保局提供）台南市後壁區烏樹林風災廢棄物暫置場火警持續處理中，台南市環保局今天公布最新進度，經現場觀察，燃燒高度較前日約再降低1公尺，現場燃燒區域持續縮減，空氣品質與水質監測均無異常，火勢未再擴大。南市環保局指出，在現場處理部分，燃燒的廢樹枝區持續進行翻堆、灑水及降溫作業，綜合類廢棄物區則由人員密切監控，目前無火勢擴大情形。經現場觀察，燃燒高度較前日約再降低1公尺，顯示火場已獲控制。環保局、消防局持續緊密合作加速滅火。請繼續往下閱讀...空品方面，今天受東北季風帶來較強北風影響，環保局監測車即時數據顯示，PM2.5為14.4μg/m³、PM10為35.3μg/m³，均低於空氣品質標準24小時值，顯示周邊空氣品質正常。水質部分，11月22日嘉南大圳烏樹林橋灌溉水檢測結果為pH6.5，化學需氧量11.6 mg/L、懸浮固體物10.6mg/L、銅0.005mg/L、鋅0.04mg/L，鎳、鉻、鉛、鎘均未檢出，符合灌溉用水標準。環保局表示，至於烏樹林大排下秀祐橋河川水檢測結果為pH6.7，化學需氧量47.7mg/L、懸浮固體物9.1 mg/L、鋅0.037mg/L，銅、鎳、鉻、鉛、鎘均未檢出，水質無異常。最近一次檢測為11月26日，目前採樣已送驗中。環保局表示，目前現場全天候持續以挖土機、水車及消防水線進行開挖與降溫作業，未燃廢樹枝區同步加強開挖，防止悶燒再起。同時也將持續掌握空品與水質監測結果，並透過多元管道即時向市民發布相關資訊，確保環境與市民健康安全。熱門賽事、球星動態不漏接    ,https://news.ltn.com.tw/news/society/breakingnews/5260158
南投固定聲音科技執法業績王在草屯 第2名看不到車尾燈,社會,2025/11/27 16:49,這套噪音科技執法設備，有車牌辨識、拍照錄影、分貝儀、風速計等設備。（記者陳鳳麗攝）南投縣多條道路變成飆車天堂，噪音讓居民快抓狂，南投縣環保局今年在草屯、南投等8鄉鎮市設9處固定式聲音科技執法設備，9個月統計數字顯示，設在草屯鎮中正路業績最佳，裁罰達184件，比第二名埔里鎮中山路的125件，多了59件，每件裁罰1800元起跳，環保局提醒，不超速、不改裝汽機車就能顧荷包。南投縣環保局今年在南投、草屯、名間、中寮、國姓、埔里、魚池、水里等鄉鎮，設置9處固定式聲音科技執法設備，其中南投市則有東山路和八卦路2處，其他7個鄉鎮則各1處，經1-9月的9個月統計，全縣共裁罰629件，裁罰金額達158萬4900元。年底將增設3處，分別在仁愛鄉、信義和竹山鎮各1處。請繼續往下閱讀...9處噪音科技執法路段，以草屯鎮中正路銀河KTV附近路段裁罰件數最多，共有184件；埔里鎮中山路則以125件居次，第三多的在水里鄉中山路共計96件，第四名則在中寮鄉的永平路段，共裁罰了70件；南投市八卦路以53件拿到第五名。環保局另外有4座移動式聲音科技執法設備，在不同路段、時段機動執法，今年1-9月機動式出勤，以南投市中興路的5件最多，名間鄉南田路和南投市彰南路三段，各有4件併列第二；草屯鎮豐城派出所和集集鎮洞角巷各有2件，魚池鄉日月潭派出所則有1件。環保局表示，設有聲音照相的路段，都會有告示牌提醒，而時速在50公里以下的路段，聲音不得過86分貝；時速在50-70公里的路段，則不得超過90分貝，而今年裁罰最高的噪音則高達110分貝，已是耳朵無法承受的高噪音。南投縣環保局在草鞋墩夜市示範檢測。（記者陳鳳麗攝）南投環保局在全縣 路段設固定式噪音科技執法設備，其中以草屯鎮中正路業績最好。（南投縣環保局提供）熱門賽事、球星動態不漏接    ,https://news.ltn.com.tw/news/society/breakingnews/5260131
「通姦除罪」推手涉侵占詐貸 周方慰得手1.8億遭檢調搜索,社會,2025/11/27 16:08,曾就「通姦除罪」議題聲請大法官釋憲，與諸多聲請釋憲者一同促成通姦除罪化的「知名假律師」、富邦綜合開發公司負責人周方慰，被依違反銀行法、刑法詐欺、侵占等罪嫌偵辦。（資料照）曾就「通姦除罪」議題聲請大法官釋憲、與諸多聲請釋憲者一同促成通姦除罪化的「知名假律師」，富邦綜合開發公司負責人周方慰，涉侵占公司款項2850萬餘元私用或購置台北市信義區房產，另又涉墊高公司名下房地產買賣價格，向銀行詐貸1.6億元，台北地檢署今指揮調查局台北市調查處兵分20路發動搜索，約談周方慰等8人，全案朝違反銀行法、刑法詐欺、侵占等罪嫌偵辦。周方慰曾因外遇遭妻子控告，當時通姦罪仍未除罪化，一審法院判他4月徒刑，二審改判他4月徒刑、緩刑2年，周方慰因而聲請釋憲，成為通姦除罪化推手之一，在「司法院釋字第791號解釋」出爐，他的案子最終改判免訴。請繼續往下閱讀...周方慰另曾因沒有律師資格，卻違法承攬民事訴訟，並持前女友裸照逼簽1000萬元「分手賠償金」，恐嚇若不從就「圖文並茂、鐵定比曾格爾的新聞更勁爆」。高等法院依違反律師法、恐嚇取財未遂罪，將周男合併判處1年有期徒刑，得易科罰金36萬元定讞。檢調調查，富邦公司曾因名下所有的集賢樓宿舍與南華大學產生民事訴訟，2015年間，雙方在高等法院台南分院審理時成立和解，作成南華大學應給付富邦公司2850萬元和解筆錄，周方慰以董事長身分收受南華大學所交付14張支票，卻涉挪為己用，將部分款項用於私人用途、購買房產等。檢調還獲報，2020年間，周涉嫌代表富邦與璽美、鈞言公司以三方契約方式，將富邦所有的宿舍透過璽美賣給鈞言公司，買賣過程中涉嫌墊高價金至2.3億元，向銀行詐貸得手1.6億元。檢察官陳雅詩今日指揮調查局台北處搜索周等人住處及富邦公司等，約談周方慰及璽美、鈞言公司的員工等8人，全案朝違反銀行法、刑法詐欺、侵占等罪嫌偵辦。熱門賽事、球星動態不漏接    ,https://news.ltn.com.tw/news/society/breakingnews/5260037
不是你們笨是李團長太惡！ 豐原五口命案開庭 遺屬感謝檢求刑15年以上,社會,2025/11/27 15:59,王家女婿委任律師林瓊嘉。（民眾提供）豐原王家五口遭詐騙集體走上絕路悲劇震撼全台，王家生前留下「我們笨、被騙」遺言，字字血淚，檢方已正式起訴主嫌李惠雯，強調真正該承擔責任的是加害者的惡，而此案今天再度開庭，續追查當舖業者涉嫌重利部分，王家女婿的律師表示，遺屬肯定也感謝檢方對李求處15年以上徒刑，相信案情很快會水落石出。此案主嫌「李團長」李惠雯運作龐氏騙局，誘使王家購買高額黃金、投入虛構投資，總金額高達639萬元，當王家不願再被掏空時，她竟以「威脅生命安全」為由強索500多萬元虛構違約金，使一家五口陷入絕境，最終王家留下震撼社會的遺言：「一次又一次要錢，無止盡的壓榨、無止盡的還債……希望我們家的死，不要再讓他們傷害其他無辜的人。」請繼續往下閱讀...台中地檢署今天再次召開偵查庭，針對是否有共犯、當舖業者是否涉及重利等部分持續追查，王家二女兒的先生因軍職在外服役，委任律師林瓊嘉代表出庭，林強調，遺屬十分感謝檢察官對李女求處「15年以上」刑期，不是只有15年，明確態度讓家屬感受到司法看見被騙者曾承受的絕望。林瓊嘉指出，王家人生前曾自責「我們笨」，但檢察官在起訴書中公開替被害人發聲，指出「不是被害人笨，是被告的惡」，這段話讓家屬在悲痛之中感到極大安慰，若司法不能對惡徒從重量刑，「不足以慰亡者之靈，也無法阻嚇詐欺在社會蔓延」，家屬尊重後續偵查方向，「有罪就要揪出來，無罪還人清白」，並相信真相「一定會水落石出」。熱門賽事、球星動態不漏接    ,https://news.ltn.com.tw/news/society/breakingnews/5260026
新北1歲童送安置機構疑受虐 警依兒少法傳訊相關人,社會,2025/11/27 15:53,1名1歲童因家庭糾紛被安置至新北市合格的安置處所，不料卻傳出孩子遭虐，孩子頭部有紅腫瘀青。（記者徐聖倫翻攝）新北市議員張維倩接獲投訴，1名1歲童因家庭糾紛被安置至新北市合格的安置處所，不料卻傳出孩子遭虐，頭、眼、四肢多處瘀傷，土城警分局已受理偵辦。警方表示，現已傳訊相關人等到案，將朝違反兒少法罪嫌偵辦。據悉，這名1歲童因為家庭糾紛，為保護孩子的安全，家屬決定將其送往某兒童醫院附設的安置機構予以保護。孩子11月16日抵達安置處所，18日社工依規定傳相片給家屬，驚見孩子額頭紅腫，24日再次查看相片，除了頭部外，眼、四肢多了一堆瘀青，家屬心疼之餘，向議員張維倩投訴並報警。請繼續往下閱讀...土城警分局表示，26日下午接獲家屬報案，指稱安置機構照護不當，收到社工回報孩子近況照片時，發現有不明瘀青，警方立即通報兒少保護並依規定受理，現已通知相關人等到案說明，全案依傷害及兒少福利與權益保障法移請偵辦。剴剴案翻版？新北1歲童頭部身體瘀青 家長提告安置機構虐待孩子身上多處瘀青。（記者徐聖倫翻攝）熱門賽事、球星動態不漏接    ,https://news.ltn.com.tw/news/society/breakingnews/5260022
北聯幫「關渡王」遺孀駕車墜海亡  死訊震驚黑白兩道,社會,2025/11/27 15:52,新北市金山區磺港漁港24日凌晨發生一起賓士車開進漁港意外，年約60歲陳姓女駕駛獲救時已無生命跡象。（記者林嘉東翻攝）新北市金山區磺港漁港24日凌晨發生一起賓士車開進漁港意外，年約60歲陳姓女駕駛獲救時已無生命跡象。消息傳回台北市北投，這名駕車墜海身亡的陳婦，竟是北聯幫「關渡王」漢哥黃正雄的遺孀，人稱「漢嫂」的她2021年曾協助警方策動2名槍手投案，她的意外身亡震驚黑白兩道。警方調查，陳姓女子24日凌晨獨自駕車前往金山區訪友途中，疑不熟悉路況，加上夜間視線不良，失控駛入新北市金山區磺港漁港；新北市消防局24日凌晨3時許獲報，金山區磺港漁港有1輛車墜落海裡，經派遣消防隊到場與海巡人員花了1個半小時，把陳婦從駕駛座上救出時，陳婦已無心跳呼吸，經送醫急救後仍不治。請繼續往下閱讀...檢警調查，陳婦發生墜海意外前，因患有夜盲症，才剛動完眼部手術，加上監視器拍到陳婦駕車墜海前，曾一度緊急煞車，但疑因煞停距離太短仍墜海，研判應是不熟悉路況，加上夜間視力不佳，才會釀成事故。檢察官25日會同法醫相驗後，認定為這起車輛墜海事故為單純的意外，家屬也對陳婦的死因無意見，已將陳婦的遺體發交家屬。北聯幫「漢哥」黃正雄在台北市北投區人面廣，人稱「關渡王」。2021年4月北聯幫綽號「楊鷲」的楊姓男子，以及綽號「大郭」郭姓男子，駕駛瑪莎拉蒂前往台北市媽祖文化協會找人撲空，竟對著門口連開3槍後逃逸，警方追緝2人多日，一無所獲。當年承辦此案的許姓偵查隊長曾透過管道，拜託黃正雄的遺孀「漢嫂」，經漢嫂居中協調後，終於說服楊、郭2人出面投案。她的意外身亡，震驚黑白兩道。台北市1名陳姓女子24日凌晨駕車前往金山區訪友途中，失控駛入新北市金山區磺港漁港，拖吊車將陳女轎車吊上岸。（記者林嘉東翻攝）熱門賽事、球星動態不漏接    ,https://news.ltn.com.tw/news/society/breakingnews/5259978
網紅中醫師聯手南警 「假愛情詐騙」演給你看,社會,2025/11/27 15:44,台南二分局找網紅中醫師拍診間短片，演出假聯合國官員網戀要匯款情節，再提醒民眾提高警覺並撥165查證。（警方提供）台南市政府警察局第二分局結合擁有近40萬粉絲的至和中醫李培碩醫師，拍攝「假愛情交友詐騙」短片，以診間對話演出「聯合國官員」詐騙話術，要提醒民眾別為網路戀情匯出辛苦錢。第二分局指出，近年假愛情交友詐騙案例增加，詐團多在社群平台與交友軟體出沒，盜用帥哥、美女照片，自稱聯合國官員、戰地軍官或海外軍醫，待被害人陷入網戀，再一步步以寄送禮物、跨境包裹、關稅或結婚基金、投資名義誘騙匯款。此次特別與單支短影音最高瀏覽近500萬次的李培碩醫師合作，就是看中其在家長與年輕族群中的影響力。請繼續往下閱讀...宣導影片以李醫師診間常見的輕鬆互動為主軸，由診所助理在鏡頭前說自己交了新男友，男友自稱是聯合國高層，在網路上熱情示好，雖然從未見過面，卻主動表示要寄禮物，並要求先支付包裹費用。李醫師聽完露出招牌無奈表情，直接點出這是典型假愛情交友詐騙，提醒觀眾只要對方身分難以查證、金流繞到國外、要求一次次加碼匯款，就是最該警覺的危險訊號。第二分局長劉怡宗表示，實務上常見模式，多是詐騙集團盜圖假扮戰地軍官、軍醫或聯合國官員，以跨國寄送禮物需繳稅、保管結婚基金或帶你一起投資為由收錢，直到對方封鎖失聯，被害人才發現受騙。這次透過短影音的快速傳播，希望讓市民在滑手機時就能自然接收到識詐觀念，打造更安全的生活環境。警方再次提醒，凡是從未見過面的網友開口要匯款，都要馬上提高警覺、停止金錢往來，並撥打165反詐騙專線查證。熱門賽事、球星動態不漏接    ,https://news.ltn.com.tw/news/society/breakingnews/5259972
不爽前妻發文「婚姻如偽單親」 他一口氣怒告3罪全被打槍,社會,2025/11/27 15:40,黃女因發文稱「每週面對前夫精神暴力的煎熬」、「婚姻中如偽單親般的生活」，遭前夫3罪提告。（資料照）黃姓女子因在網路上控訴婚姻辛酸、自稱「如偽單親般生活」，除遭夏姓前夫提告妨害名譽，更被指控偷走2名女兒保險櫃內220萬元壓歲錢，還把年僅10歲、11歲的女兒獨留在家中，涉犯遺棄、妨害發育等罪。士林地檢署調查後認為，相關行為與言論均無違法事證，孩子也具一定自理能力，最終以證據不足為由，將黃女不起訴。不起訴書指出，黃女於2021年8月16日深夜，在內湖區住處搬家過程中，涉嫌竊取2名女兒存放於保險櫃內的現金共220萬元。同年9月，黃女曾在透過臉書對婚姻生活感性發文，內容提及「每週面對前夫精神暴力的煎熬」、「婚姻中如偽單親般的生活」等文字；檢方認為，雖夏男指黃女言論影響名譽，但言論屬其個人婚姻經驗及感受表述，無充分證據顯示具誹謗意圖，並未構成加重誹謗罪。請繼續往下閱讀...至於遺棄與妨害幼童發育部分，檢方調查後發現，黃女於2021年10月外出時，兩名女兒已入睡，她離家期間曾返家查看，也留下食物與聯絡方式，女兒知道如何求助與自理。檢方認為，兩名孩童已有一定生活能力，且無受虐或心理創傷跡象，難認有遺棄或妨害發育行為。黃女及其律師也辯稱，所發表的言論及行為屬自衛與自辯，且子女諮商記錄顯示心理狀況與父母離婚相關，並非因被告行為導致。檢方調查後，亦未發現其他足以證明犯罪的積極證據，因此作出不起訴處分。熱門賽事、球星動態不漏接    ,https://news.ltn.com.tw/news/society/breakingnews/5259985
剴剴案翻版？新北1歲童頭部身體瘀青 家長提告安置機構虐待,社會,2025/11/27 15:25,新北市又發生安置幼兒疑似遭不當對待案，市議員張維倩今陪同當事幼兒家長舉行記者會。（記者黃子暘攝）新北市男童「剴剴」在台北市遭虐死案今（27）日再度開庭，而新北市又發生安置幼兒疑似遭不當對待案。市議員張維倩今陪同當事幼兒家長舉行記者會，幼兒母親哽咽淚訴，1歲兒子在11月16日被接走安置，不到10天就有頭部、身體多處瘀青紅腫，社工稱查看監視器是孩子自己撞傷，25日坦承其實沒看監視器。幼兒母親哭訴，24日孩子被重新安置至今，家長無從得知現況。幼兒母親指出，孩子16日凌晨1點多交給社工前5分鐘，她幫孩子換過尿布，孩子並無濕疹或任何外傷，18日社工傳來的照片中，孩子額頭有紅腫，社工聲稱是蚊子咬，但身為母親，她清楚這並非蚊子咬；24日又發現孩子額頭瘀青，追問社工，對方聲稱經查監視器畫面是孩子自己撞傷，她再三向社工求證、表示「現在只能相信你」，社工也再三確認確實看過監視器。請繼續往下閱讀...這名母親覺得不對勁，25日上午致電社工表示要帶孩子去台大就醫驗傷，社工當天晚上9點許來電坦承其實沒看過監視器；翌日早上11點半在台大急診室，她時隔10天再見孩子，卻發現原本愛笑活潑的孩子眼神呆滯、怎麼逗都不笑，身上傷勢遠比照片中多，今日凌晨2點半已報警提告。至於是什麼樣的安置機構，張維倩表示，社會局只願透露是大台北地區的機構、領有合格證書的照顧員採一對一照顧；張說，社會局有責任照顧好安置兒童，而非讓家長成天提心弔膽，發生如此事件，是否未盡稽查、督導之責？如今家長也不知孩子被換到哪個機構，記者會也邀請社會局列席說明，但對方回拒；擔憂此案成為剴剴案翻版，懇請大眾關注安置機構安全性與各項安全監督機制。新北1歲童送安置機構疑受虐 警依兒少法傳訊相關人新北家長控安置機構疑似不當對待 社會局回應幼兒母親淚訴，1歲兒子16日被接走安置，不到10天就有頭部、身體多處瘀青紅腫。（張維倩提供）幼兒母親說，兒子身體多處瘀青紅腫，社工稱查看監視器是孩子自己撞傷。（張維倩提供）台大醫院出具驗傷單。（張維倩提供）熱門賽事、球星動態不漏接    ,https://news.ltn.com.tw/news/society/breakingnews/5259969
474公斤大麻海上漂！澎湖快艇走私露餡海拋也沒用 5嫌遭訴,社會,2025/11/27 15:00,運毒集團犯案工具快艇，依法宣告沒入。（澎湖地檢署提供）澎湖地檢署指揮海陸各單位強力緝毒，破獲以高姓嫌疑人為首5嫌，走私474公斤大麻，企圖以澎湖為中繼轉運站，送往台灣銷售，經澎湖地檢署偵查終結，依違反毒品危害防制條例第4條第2項運輸第2級毒品大麻罪提起公訴，通緝1人，並聲請沒收快艇1艘，以斷絕毒品交通工具。起訴書指出，澎湖地檢署主任檢察官、前主任檢察官郭耿誠，指揮巡警調等單位組成專案小組，經長期縝密蒐證，聯手於海上、岸際查緝，破獲被告高姓為首之運毒集團，以300萬元報酬，委託陳姓船長自澎湖風櫃駕駛快艇日月星168號，至七美外海接運大麻一批，至龍門裡正角搶灘，由陳嫌、蔡嫌、呂嫌、李嫌租車在岸際接運。請繼續往下閱讀...專案團隊掌握事證，派遣海巡艦艇及岸際人員出海、岸際同步查緝，陳姓船長在海上驚覺事跡敗露，往外海行駛，並海拋大麻，海巡艦艇立即掌握該快艇航跡（裡正角、龍門、烏崁、鎖港、山水、嵵裡、風櫃），打撈陳嫌海拋大麻共計799小袋（共計毛重474公斤）後，分裝成40大袋上艇，為今年查獲最大宗大麻運輸案。澎湖地檢署檢察長周士榆指示務必積極斷根、向上溯源，於專案小組今年8至11月間，追查岸際接運人員，陸續執行數波溯源行動，先後拘提陳嫌、陳嫌、蔡嫌，聲請羈押獲准，並扣押快艇。全案依法提起公訴。運毒集團以澎湖作為走私毒品轉運站，此次查獲大麻數量驚人，如犯罪計畫得逞，大麻流入台灣本島地區，將嚴重戕害國人身心健康。澎湖地檢署破壞474公斤大麻走私案，5嫌被提起公訴。（澎湖地檢署提供）熱門賽事、球星動態不漏接    ,https://news.ltn.com.tw/news/society/breakingnews/5259878
台中五星級飯店接「6點到門口殺人」電話 客服嚇壞急報案 ,社會,2025/11/27 14:52,何男逞口舌之快恐嚇飯店，遭判處拘役40日。（資料照）台中市一名何姓男子因不滿五星級飯店的服務品質，竟在憤怒之下打電話到客服部門出言恐嚇，聲稱「你們不回覆、還這麼皮，6點到門口殺人，叫警察來也沒關係」，客服專員嚇壞立即向主管報告隨即報案，警方循線逮捕何男後移送法辦，法院最終依恐嚇危害安全罪判處拘役40日，可易科罰金，並給予2年緩刑。事件發生在今年5月26日下午，主張遭遇服務不佳的何男，在情緒失控下撥電話給台中西區一間知名五星飯店的客服，對接聽的盧姓專員發出恐嚇言詞，不僅語氣激動，更直言要「到門口殺人」，令對方驚嚇不已。請繼續往下閱讀...盧姓專員掛掉電話後仍心有餘悸，立即通報主管，飯店高層得知情況後不敢大意，立刻報警處理，警方展開調查後火速傳喚何男到案，他坦承有說出相關語句，但辯稱只是因為太氣憤、語氣失控，並非真的要傷害任何人。然而台中地院法官審理認為，何男在與毫不認識的飯店員工通話時，明確以語言威脅生命安全，已足以造成對方心生畏懼，因此構成恐嚇危安罪，儘管如此，雙方其後完成調解，告訴人也表示不再追究，加上何男沒有任何前科紀錄，法院因此量處拘役40日，可易科罰金，並予以緩刑2年。熱門賽事、球星動態不漏接    ,https://news.ltn.com.tw/news/society/breakingnews/5259866
BMW雙門M2跑車遭竊！通緝犯開進鐵道爆胎 新車價375萬起跳,社會,2025/11/27 14:45,黃姓通緝犯昨駕駛偷來的BMW雙門藍色轎跑車，開上鐵道致右前輪爆胎才棄車逃逸，漏夜通知車主前來取車，車主看到愛車被棄置在鐵道上心疼不已。（記者林嘉東翻攝）基隆市警方26日凌晨攔查黃姓通緝犯時，黃男為了甩開警方追緝闖平交道，沿鐵道往北開往基隆火車站南站，直到輪胎爆裂才棄車逃逸；警方以車追人，發現被黃男棄置在鐵道的BMW藍色雙門M2轎跑車竟是輛贓車，新車價台幣375萬起，漏夜通知車主前來取車，車主看到愛車被棄置在鐵道上心疼不已，怒告黃毀損罪。基隆市警一分局延平街派出所長陳品碩騎警騎與同僚昨天凌晨1點半，巡邏至基隆市仁愛區「鐵路街｣龍安街口時，發現32歲黃男駕車停在路旁抽電子菸，形跡可疑上前盤查，黃不僅拒檢，反駕車闖龍安街96巷平交道後，向右開進鐵道內，一路往北開往基隆火車站南站。請繼續往下閱讀...陳員見狀通知鐵路警察局七堵派出所協助追捕，另通知線上警網沿鐵道，追查黃男下落，凌晨2時許，先在鐵道上發現被黃男丟棄的BMW藍色雙門轎跑車，在車上查獲1顆依托咪酯煙彈、煙油與安非他命等毒品，隨後查出BMW轎跑車竟是輛贓車，車主25日發現愛車被偷後，當晚10時許向新北市樹林分局報案失竊。警方調查，遭竊的BMW轎跑車為M2系列車款，新車價台幣375萬起；警方通知車主到案後，車主看到愛車右前輪爆胎，車底受損嚴重，心疼不已，堅持向黃男控告毀損罪；警方凌晨5點50分發現黃男躺在基隆火車站南站2樓遮雨棚，手、腳流血，經通知基隆市消防局利用雲梯車，才將黃男救下送醫救治。警方在黃男出院後，查出32歲的黃男因公共危險與偽造文書等案遭通緝中，警訊後，將黃遞解歸案，並依黃涉犯毒品危害防制條例、竊盜、毀損等罪送辦。黃姓通緝犯昨駕駛偷來的BMW雙門藍色轎跑車，開上鐵道致右前輪爆胎才棄車逃逸，漏夜通知車主前來取車，車主看到愛車被棄置在鐵道上心疼不已。（記者林嘉東翻攝）黃姓通緝犯昨駕駛偷來的BMW雙門藍色轎跑車，開上鐵道致右前輪爆胎才棄車逃逸，漏夜通知車主前來取車，車主看到愛車被棄置在鐵道上心疼不已。（記者林嘉東翻攝）熱門賽事、球星動態不漏接    ,https://news.ltn.com.tw/news/society/breakingnews/5259847
台男阿布達比轉機遭帶走 妻證實「人在杜拜警局」,社會,2025/11/27 14:17,雲林陳姓男子在阿布達比轉機時遭當地全副武裝人員帶走，人已確定在杜拜警察局。（陳妻提供）雲林陳姓夫妻11月23日從挑園機場搭機前往土耳其伊斯坦堡，24日清晨在阿布達比機場轉機時，陳姓先生遭5名荷槍實彈人員從空橋直接帶走後音訊全無，陳妻昨（26）日跨海求助，經過我國駐杜拜事處洽詢，陳妻今天中午傳來好消息，先生目前人在杜拜警察局。陳妻昨天受訪指出，夫妻2人參加土耳其旅行社辦理的16天行程旅遊，23日下午從桃園機場搭機要到土耳其伊斯坦堡集合，飛機抵達阿布達比機場轉機，飛機落地停好，空服人員即上前要求先生先下機，她也跟著一起走出機艙，才走到空橋，就有5名荷槍實彈的人員上前核對先生的護照，也不讓她靠近，核對後就把先生帶走。請繼續往下閱讀...陳妻說，先生遭帶走後她透過旅行社及台灣親友協助，也向台灣駐杜拜辦事處連絡，並請台灣的立委協助，完全沒有任何消息，她不知道怎麼辦，兒子只好透過PTT發文求助，希望相關單位能協助讓先生能平安回來。對此，外交部昨天下午指出，杜拜辦事處24日上午有接獲陳妻電話告稱，先生在阿布達比機場遭警察拘捕，請外交部協助，接獲電話後即洽詢阿布達比警方瞭解原委，辦事處與警方進一步釐清案情，提供後續協助。陳妻今天上午11點左右透過LINE傳回好消息，指先生目前人在杜拜警察局，辦事處有至警局關心，家屬需要聘請律師才能了解事件。熱門賽事、球星動態不漏接    ,https://news.ltn.com.tw/news/society/breakingnews/5259858
高雄貨車沒注意地下道限高 硬闖過去「卡蛋」了,社會,2025/11/27 14:09,23歲管姓貨車駕駛未注意地下道限高，導致車斗卡住。（民眾提供）岡山區岡燕路地下道今發生一起離奇車禍，23歲管姓小貨車駕駛載運的雞蛋行經該路段時，疑未注意限高及標誌指示，開車硬闖過去導致車斗卡住，幸未發生人員受傷，警方到場排除後，將依法開罰900元至1800元罰單。警方指出，今天上午10點39分獲報，岡燕路地下道發生一起交通事故，員警到場後，看到管姓小貨車駕駛載運雞蛋沿岡燕路由西往東直行，行經地下道時疑未注意限高及標誌指示，導致車斗受限高影響與橋墩發生擠壓卡住。請繼續往下閱讀...警方初步調查，駕駛酒測值為0，初步研判為未遵守道路交通標誌指示，將依《道路交通管理處罰條例》第60條第2項第3款製單舉發，可處900元以上、1800元以下罰鍰，至於詳細肇事責任仍將交由交通大隊進一步分析研判。熱門賽事、球星動態不漏接    ,https://news.ltn.com.tw/news/society/breakingnews/5259855
BMW追撞公車車尾  兩駕駛都稱綠燈行駛,社會,2025/11/27 14:09,仁武區發生民營公車與轎車擦撞車禍。（民眾提供）高雄市仁武區今（27）日上午發生一起公車車禍，黃男駕駛BMW轎車沿八德二路左轉高楠公路時，與孫男駕駛的民營公車發生擦撞，2名駕駛均堅稱依綠燈燈號行駛，警方將釐清肇責。仁武分局上午10時獲報高楠公路與八德二路口發生擦撞交通事故。經瞭解30歲黃男駕駛BMW轎車沿八德二路行駛，左轉高楠公路慢車道（往南）行駛時，撞上沿高楠公路快車道欲變換至慢車道行駛的民營公車車屁股，59歲公車駕駛孫男與黃男均沒有受傷。請繼續往下閱讀...2名駕駛酒測值均為0，他們都向警方表示，所駕駛車輛依號誌綠燈行駛。警方表示，現場號誌狀況及相關肇事原因仍待進一步釐清。轎車撞上公車。（民眾提供）熱門賽事、球星動態不漏接    ,https://news.ltn.com.tw/news/society/breakingnews/5259815
南投女駕駛進超商購物未熄火  賊躲進後座搶車又搶錢,社會,2025/11/27 13:56,女駕駛到超商購物車子沒熄火，呂男（紅圈處）開車門進入車內。（草屯警方提供）下車記得熄火鎖門！南投縣草屯鎮有女駕駛下車到超商購物，未熄火鎖車門，呂姓毒蟲進車子想偷錢，想不到女駕駛很快上車，開了6公里才發現後座躲人，呂男搶走現金4800元，等女駕駛下車求援時還將車子開走，警方後來在一處農場貨櫃後方找到被「螞蟻雄兵」爬滿身的呂男，並起出毒品。草屯鎮1名女性19日深夜開車到草屯鎮郊區一家超商購物，圖方便而沒有熄火鎖車門，呂姓男子看到車未熄火，即躲進該車的駕駛座，想搜刮車上現金等財物，還未動手女駕駛就上車，呂男蜷縮躲在後座不敢出聲，直到女駕駛開了近6公里，到碧興路的加油站加油完油，車子才開動，即聽到後座有聲音，轉頭一看赫然發現有人躲在後座。請繼續往下閱讀...呂男被發現後索性爬到副駕駛座，大喇喇翻找女駕駛的皮夾，從皮夾中取出現金4800元，要女駕駛繼續開車。該名女駕駛後來將車開到一家宮廟前下車求救，呂男乘機開走車子，後來把車開到御史路粉寮巷後棄車逃逸。女駕駛後來由家人陪同到上林派出所報案，草屯警方調閱監視器，在粉寮巷找到車子，員警兵分多路於附近找尋，在附近一處農場發現呂男躲藏在工具貨櫃後方，而他因身上爬滿螞蟻，奇癢難耐，企圖攀爬圍籬逃離時，被民眾及員警發現，迅速將其壓制逮捕。警方在呂男身上找到依托咪酯煙彈、煙桿及煙油，而他搶走的4800元也在身上，草屯警分局依強盜、竊盜罪及違反毒品危害防制條例等罪嫌移送南投地方檢察署偵辦。草屯分局員警追到呂男。（草屯警方提供）穿帽T的呂男被螞蟻爬滿身，奇癢無比而跑出來被警方逮捕。（草屯警方提供）熱門賽事、球星動態不漏接    ,https://news.ltn.com.tw/news/society/breakingnews/5259793
操乩法器鯊魚劍販售觸法 台南北門查緝隊查獲4支,社會,2025/11/27 13:48,海巡署偵防分署台南北門查緝隊稽查非法販售鯊魚劍。（查緝隊提供）連鯊魚劍也有人賣，鋸鰩之鼻做成的鯊魚劍常用於起乩儀式的法器，海巡署偵防分署台南北門查緝隊接獲檢舉有人在網路平台刊登販賣鯊魚劍，北門查緝隊、南部分署第11岸巡隊及海洋保育署組成專案小組，陸續在新北三峽、台中大里、台南新營、玉井與高雄阿蓮等地查獲鯊魚劍4支，今天依違反《野生動物保育法》移送新北、台南地檢署偵辦。專案小組查出江姓等7名犯嫌利用網路平台匿名特性，公開兜售「一級保育類野生動物產製品（鋸鰩之鼻─鯊魚劍）」，鯊魚劍通常用於操乩的法器，也有鎮煞寓意，因為乩身現在少用鯊魚劍，犯嫌在網路公開販售，1支鯊魚劍價格在3至6萬元，在市場上具一定價值，成為非法交易目標。請繼續往下閱讀...海保署資料顯示鯊魚劍以「鋸鰩」像劍一樣的鋸狀吻部製成。鋸鰩（sawfish）全球共有5種，皆被國際自然保育聯盟（IUCN）列為「極危」，台灣更30年未見，已列入海洋保育類，不得買賣鋸鰩產製品。北門查緝隊說，查緝網路販售鯊魚劍，以展現政府對海洋保育類野生動物保護之執法決心，維護海洋生態資源；此外，民眾若發現海上不法活動或走私偷渡線索及通報外國、中國軍艦、公務船及20噸以下異常目標等，可撥打海巡署「118」免費報案專線，即可獲得豐厚獎金。海巡署偵防分署台南北門查緝隊查扣非法販售的鯊魚劍。（查緝隊提供）海巡署台南北門查緝隊查扣非法販售的鯊魚劍。（查緝隊提供）熱門賽事、球星動態不漏接    ,https://news.ltn.com.tw/news/society/breakingnews/5259799
傳曾列「民眾黨不分區安全名單」惹議 徐春鶯涉詐欺新北檢聲押,社會,2025/11/27 13:38,徐春鶯。（資料照）曾傳出被民眾黨納入「不分區立委安全名單」的台灣新住民發展協會名譽理事長徐春鶯，驚傳昨因涉詐欺等案，被新北地檢署指揮調查局台中市調查處發動搜索約談，訊後依詐欺等罪嫌聲押禁見，徐目前移送新北地院等候開庭中。徐春鶯出生於上海，曾在上海市虹口區商業局轄下的國營綜合貿易公司工作，後又調往上海市楊浦區商業局轄下的國營綜合貿易公司工作，初期曾任工會幹部，後轉任人事科科員與科長。請繼續往下閱讀...1993年，徐春鶯以陸配身份依親來台，2011年起，陸續擔任社團法人台灣新住民發展協會的常務理事、理事長，中國國民黨新住民工作委員會委員、中華兩岸婚姻家庭服務聯盟秘書長、台北市新住民事務委員會委員等工作。2023年10月底，傳出徐春鶯將在2024立委選舉擔任台灣民眾黨的全國不分區立法委員候選人，且可能列在排名靠前的安全名單當中；徐因過去言行與個人擔任中華人民共和國國有企業幹部的經歷，引發議論。熱門賽事、球星動態不漏接    ,https://news.ltn.com.tw/news/society/breakingnews/5259798
北投民宅清晨傳火警 附近2住戶遭濃煙波及嗆傷,社會,2025/11/27 13:22,消防員到場救援。（記者王冠仁翻攝）台北市北投區義理街巷弄內一處民宅，今天清晨忽然傳出火警，消防員雖然在半小時內撲滅火勢，但起火燃燒時產生的濃煙四竄，導致附近2位住戶被波及有輕微嗆傷。幸虧救護人員在場替2人給氧，監測一段時間無礙後不用送醫；起火點的屋主接獲通知趕回來，屋主聲稱當時不在家，也不知道為何會起火。台北市消防局在今天清晨5時34分接獲報案，報案人聲稱，位在北投區義理街巷弄內一處民宅發生火警。消防局立刻派遣人車前往救援，消防員在6時2分撲滅火勢。請繼續往下閱讀...不過，消防員事後發現，起火時濃煙四竄，附近有2名住戶在睡夢中吸入濃煙，導致輕微嗆聲，救護人員發現後在場給氧監測，確認2人無礙且不用送醫。詳細起火原因消防局正在進一步調查當中。消防員到場救援。（記者王冠仁翻攝）消防員到場救援。（記者王冠仁翻攝）熱門賽事、球星動態不漏接    ,https://news.ltn.com.tw/news/society/breakingnews/5259789
屏東獵殺黑熊案9人均判無罪 是否開罰將請示中央,社會,2025/11/27 13:22,屏東縣霧台鄉大武部落被查獲獵捕台灣黑熊。（資料照，屏東地檢署提供）2022年屏東縣霧台鄉大武村被查獲台灣黑熊遭獵殺案，甚至還有嫌疑人以機車載熊屍三貼嘻鬧影片流出，檢警調查發現2020年至2022年底共有4隻黑熊遭獵殺，屏東地檢署以違反野生動物保育法起訴9位當地原住民，屏東地方法院昨（26）日宣判，9名被告獵捕、宰殺行為基於非營利自用，符合野生動物保護法除罪事由，均判處無罪。至於9人行為是否涉行政罰，屏東縣政府表示，將請示農業部釐清「首犯」定義後，再確認是否開罰。野生動物保育法今年2月18日配合司法院釋字803號解釋與最高法院111年度台非字第111號判決意旨，針對原住民族獵捕、宰殺野生動物部分增訂「非營利自用」的除罪，並修正以行政罰替代，屏東縣霧台鄉大武村9人被判無罪，為野保法修法後首例。請繼續往下閱讀...針對該案，林業及自然保育署屏東分署表示，大武部落獵熊事件後，分署基於衡平傳統文化及生態保育觀點，陪伴部落積極投入黑熊巡守與監測工作。去年族人主動通報受困母熊Tawmele協助野放，更證明部落已從獵殺事件走向守護行動。大武部落不僅成為黑熊保育的重要夥伴，也通過部落會議共同加入自主狩獵管理計畫。該案後續將由地方主管機關屏東縣政府依相關事證確認是否違反野生動物保育法第51條之1。針對行政罰法部分，屏東縣府農業處說明，《野保法》修法後有首犯不罰規定，「首犯」如何界定？是指獵捕行為的首犯、或是獵捕某些動物的首犯，以該起獵殺台灣黑熊案來說，涉案人提及在獵黑熊前，曾經在其他縣市獵捕其他動物，若以獵殺台灣黑熊來看，似乎為首犯，但若就獵捕行為，又非首犯。所以還須向其他縣市調閱資料佐證，如果是獵捕保育類動物，可開罰2萬至10萬元，非保育類則罰2000元至1萬元，這1、2天將發文請示農業部，釐清「首犯」的明確規定後，再確認是否會開罰，以及若開罰要開罰多少金額。熱門賽事、球星動態不漏接    ,https://news.ltn.com.tw/news/society/breakingnews/5259784
台中西區土地公廟暗夜惡火成廢墟 疑是2男孩玩點香器釀災,社會,2025/11/27 13:21,台中西區忠誠福德祠付一之炬。（記者許國楨攝）台中市西區忠誠福德祠昨（26）晚發生大火，火勢瞬間吞噬該間已有27年歷史土地公廟，神像、供桌全被燒成焦黑，廟宇幾乎化為廢墟，經警方調閱監視器，竟疑是兩名僅10歲與12歲的小男孩，深夜在土地公廟內玩弄點香器釀災，目前已通知2人及監護人到案說明，惟詳細起火原因仍待消防局火調科釐清。26日晚間10時38分，消防局接獲報案，華美西街一段的土地公廟竄出猛烈火光，整座公園被照得通亮，立即出動第七大隊及中港分隊等5個單位、共14輛消防車、30名消防人員趕往時，廟宇已全面燃燒，鐵皮屋頂被高溫燒得扭曲，烈焰不斷從門口與側邊竄出，現場發出陣陣爆裂聲，畫面令人怵目驚心。請繼續往下閱讀...消防人員立即架水線全力壓制火勢，經搶救迅速撲滅，所幸無人傷亡，經初步勘查，起火建物是1樓磚造鐵皮，燃燒倉庫內雜物、神像，燃燒面積約10平方公尺，廟方原以為是線路或香案意外，經警方調閱監視器後卻驚呆，原來是兩名孩童晚間跑到廟裡，用廟內瓦斯點香器點燃線香失敗，竟轉而點掃把與周邊雜物。此時火勢瞬間引燃一發不可收拾迅速蔓延，不到1分鐘整間廟就陷入火海，兩人眼見火勢越來越大，頓時也嚇得不知如何是好直接落跑；警方指出，已通知兩名未成年人與其監護人到案說明，因少年已滿12歲，後續將依少年事件處理法送台中地院少年法庭，10歲男童則通知教育局介入，詳細起火原因仍需消防局火調人員進一步釐清。當地民眾議論紛紛。（記者許國楨攝）消防局火調人員到場勘驗。（記者許國楨攝）熱門賽事、球星動態不漏接    ,https://news.ltn.com.tw/news/society/breakingnews/5259790
欠稅費罰鍰拖延6年不理 愛車遭拖吊查封急忙繳清,社會,2025/11/27 13:07,蔡男愛車SUBARU（速霸陸）被查封拖吊，才在3天內急忙繳清所有欠款，領回愛車。（執行署嘉義分署提供）嘉義市蔡姓男子近6年來欠繳汽車牌照稅、交通違規罰鍰、高速公路通行費及健保費，累積66件合計金額逾12萬元，屢次遭市府財政稅務局等單位移送行政執行署嘉義分署強制執行，日前他的愛車SUBARU（速霸陸）被查封拖吊，蔡男才在3天內急忙繳清所有欠款，領回愛車。嘉義分署表示，蔡男數年間雖然三度申請分期繳納，但皆因未如期繳納後被廢止分期繳納許可。請繼續往下閱讀...執行人員持續清查蔡男財產，發現去年7月後有新增2輛汽車，立即聯絡移送機關積極追查所有車輛行蹤，進而查獲通報蔡男一輛SUBARU（速霸陸）停放於嘉市友愛路停車格，承辦書記官前往場查封車輛，並將車輛拖吊至分署保管處所。這輛查封的SUBARU（速霸陸）轎車為2018年出廠，車況外型保養甚佳；車輛查封後第3天，蔡男急忙出面並繳清所有滯欠金額，執行人員隨即啟封發還車輛。嘉義分署提醒，該分署已與各縣市財政稅務局合作，透過路邊開單巡查通報與車牌辨識器比對，只要發現欠繳義務人持有的車輛，即可啟動查封拖吊程序；若欠款人仍不理會通知，查封車輛將被法拍用以抵繳欠款，呼籲民眾勿心存僥倖。熱門賽事、球星動態不漏接    ,https://news.ltn.com.tw/news/society/breakingnews/5259769
誇張！跆拳道教練重踢害女童嚇尿  挨罰12萬元抗罰敗訴,社會,2025/11/27 12:53,跆拳道男教練對3名6歲至9歲女童初學者上課時，竟大力踢擊把女童彈飛，女童嚇到當場尿褲子，抗罰敗訴。示意圖。（資料照）台北市陳姓跆拳道男教練去年8月在對3名6歲至9歲女童初學者上課時，竟大力踢擊、重摔把女童彈飛，女童嚇到當場尿褲子，3童皆飽受驚嚇而心理受創，社會局獲報查證後，依違反兒少福利權益保障法，將陳男裁罰12萬元；陳男興訟抗罰，台北高等行政法院判陳男敗訴。可上訴。判決指出，陳男原本是某家運動管理公司派駐委外經營的某北市某教育大學泳健館，擔任跆拳道教練，去年8月26日下午3時，陳男在場館進行日歸營跆拳道課程時，大力踢擊3名僅手戴踢拳墊的國小女學童，造成6歲女童驚嚇過度，當場便溺，且踢拳墊滑落，導致嘴唇受傷，9歲、7歲的姊妹檔也受到驚嚇，出現食慾不振、腹痛等不適症狀。請繼續往下閱讀...台北市社會局2天後接獲通報，檢視錄影畫面認定陳男踢擊動作力道顯已超出兒童所能負擔的範圍，影響兒童身心健康與人格健全發展，依兒少年福權法等規定對陳男裁處12萬元罰鍰。陳男不服，提訴願被駁回，再打行政訴訟。陳男辯稱當時在做踢靶練習，學員有配戴專用踢靶，他並未飛踢學員，因上課空間大、有10至20名位學員，才以大音量講解，並非大吼大叫，示範動作時導致學員重心不穩，是跆拳道運動教學的偶發狀況，並未超出學員負擔範圍，6歲A童未拿好踢拳墊導致面部受傷，下課前取下口罩後才發現受傷，他就向家屬致歉，事後也與家長達成賠償調解。至於7歲、9歲的姊妹，陳男說當時她們沒表現出不適，下課前還一起玩遊戲，當晚回家後才向家長反映食慾不振，他知道後也在電話中致歉並解釋上課經過。他強調學員受傷實屬意外，並非他故意造成。法院勘驗教室監視器畫面後認為，3名兒童均未滿12歲，對於危險的辨識能力及自我保護能力均不足，陳男對其進行踢靶動作時，應可預見對兒童的危險性更高，有防止傷害的注意義務，但卻未盡注意義務，讓事前毫無心理準備、且未曾受訓過的3名兒童手持踢拳墊，讓成年的陳男進行踢靶動作，以致3名兒童受到身心創傷。法官指出，3童年紀尚幼，骨骼、肌肉還在發育，肌力、協調性及自我防護能力均有所不足，其中2童更是第1次參加跆拳道課，陳男應在教學前，仔細觀察各別身體條件與反應能力，採取安全的示範動作，不可施以超出兒童可承受範圍的踢擊。合議庭指出，3童在課程中陸續出列，單獨站立在陳教練面前，陳男客觀上沒有不能注意的情事，惟陳男欲以威嚇的方式，來達成「紀律控制」的目的，在課堂中以明顯逾越兒童可承受的力道踢擊，導致6歲女童向後飛起、摔落於地面滑行。判決指出，陳男之後仍未調整力道，仍對6歲女童施以踢擊，再度造成6歲女童遭重摔、7歲女童被彈飛，9歲女童也後退數步，引發腹部不適，致使3童皆因而身心受到創傷，合議庭依此認定陳男違法事證明確，社會局裁罰合法，判陳男敗訴。熱門賽事、球星動態不漏接    ,https://news.ltn.com.tw/news/society/breakingnews/5259742
下班車流多險象環生 北市復興南路待轉機車遭追撞2人輕傷,社會,2025/11/27 12:45,台北市信義路四段與復興南路二段口昨（26）日傍晚發生一起機車追撞事故。（記者鄭景議翻攝）台北市信義路四段與復興南路二段口昨（26）日傍晚發生一起機車追撞事故。33歲傅姓男子騎乘機車沿復興南路北向南行駛時，因前方另一輛機車（由28歲何姓男子駕駛）欲兩段式待轉信義路時突然急煞，傅男閃避不及，不慎追撞前車車尾。兩名駕駛皆受到輕微擦挫傷，所幸均未就醫，詳細肇事原因仍待警方調查釐清。大安分局警方獲報後立即前往現場處置。經初步了解，事故發生於昨日傍晚6時42分，當時正值上下班交通尖峰時段，傅男沿復興南路一段第3車道行駛，自稱前方同車道、欲兩段式待轉信義路的何男（28歲）突然急煞，傅男因未保持安全距離，不慎追撞何男機車後車尾。請繼續往下閱讀...警方表示，事故造成傅男左腳及何男右腳輕微擦挫傷，兩人皆表示無需就醫。事故同時造成傅男機車左側車身及何男機車右側車身多處輕微擦損。警方觀察雙方駕駛均無酒味酒容，經同意未實施酒測，駕籍查證均正常。熱門賽事、球星動態不漏接    ,https://news.ltn.com.tw/news/society/breakingnews/5259747
宜蘭聯結車擦撞單車 79歲老翁命喪輪下,社會,2025/11/27 12:43,宜蘭壯圍發生死亡車禍，聯結車擦撞單車，造成79歲老翁命喪輪下。（民眾提供）宜蘭壯圍鄉今天早上發生1起死亡車禍，79歲莊姓老翁騎乘單車在壯濱路六段上，疑偏向左側一般車道，與後方聯結車發生碰撞，當場連人帶車捲入車底命危，經送醫搶救宣告不治，詳細車禍原因尚待警方釐清。宜蘭礁溪警方今天早上7點多獲報，壯圍鄉壯濱路6段與壯濱路6段276巷路口發生交通事故，29歲胡姓聯結車駕駛，沿壯濱路6段由南往北行駛，與同向的79歲莊姓單車騎士發生碰撞，老翁疑似偏離原車道後，行駛在一般車道上，因聯結車高視角盲點，胡男未發現老翁直接撞上並拖拉，造成單車及老翁最後卡在左前車輪下動彈不得。請繼續往下閱讀...據了解，老翁先是遭聯結車右側撞倒後，連同單車倒伏於右車輪下，隨後被拖拉至左車輪，由於車禍發生時，正值上班尖峰時段，許多用路人看見地面大片血跡及遭輾壓變形單車，紛紛嚇了一大跳趕緊報案，警消獲報前往，發現老翁已無生命徵象，經送醫搶救宣告不治；胡姓駕駛酒測值為0，車禍原因尚待釐清。熱門賽事、球星動態不漏接    ,https://news.ltn.com.tw/news/society/breakingnews/5259749
「豐原5口命案」透天厝現況曝光 房東尚未求償,社會,2025/11/27 12:43,豐原五口命案透天厝（左三）人去樓空。（記者張軒哲攝）7月初台中「豐原5口命案」因詐騙投資害命，震驚全國，王家在豐原車站前方開設生存遊戲與軍用品社10多年，這間4樓透天厝地處黃金地段，7旬房東成最大受害者，房價瞬間崩跌，甚至連相鄰住戶都被波及，目前軍用品店內外空間已清理完畢，招牌也拆除，房東暫時擱置，也無心招租或賣房。主嫌「李團長」李惠雯以龐氏騙局，害得王家五口同赴黃泉，豐原三民路店家指出，站前透天厝王家女婿委任律師林瓊嘉今日出庭接受媒體聯訪，有媒體問及，關於王家陳屍的透天厝，已變成凶宅，房東是否對王家女婿求償及其他共犯部分。請繼續往下閱讀...市議員謝志忠今日說，檢方對主嫌李惠雯求處15年以上徒刑，張姓美容師、4名當舖業者，涉犯詐欺、重利等罪嫌，檢方本來就另案偵辦中，至於命案淪為凶宅部分，他未聽聞房東有意求償，大家都是受害者，不必要刻意去提及房子的議題，讓傷痛隨時光流逝。熱門賽事、球星動態不漏接    ,https://news.ltn.com.tw/news/society/breakingnews/5259668
男開車1天撞2次 輪胎皮都沒了照開讓路人驚呆,社會,2025/11/27 12:39,銀色轎色在鼎山街追撞前方休旅車，卻因右前輪只剩輪框引來路人好奇輪胎跑去哪了？（民眾提供）高雄市三民區鼎山街與愛國路口，昨（26）日晚上9點多發生一起離奇車禍，李男（43歲）開車追撞前方停等紅燈的休旅車，但只是輕微碰撞卻見李男轎車的右前輪只剩輪框，右後輪也整個「消風」，引來不少路人好奇，原來是李男稍早在國道上開車擦撞分隔島，右前輪胎脫落仍照開，未料又在市區發生二次車禍。三民二分局民族所指出，昨晚9點50分左右接獲鼎山街與愛國路口發生交通事故，為李男開車沿著鼎山街往南時，因未保持安全距離追撞前方同向停等紅燈之姚女（24歲）駕駛的休旅車，雙方均無受傷及酒駕。請繼續往下閱讀...由於李男的轎車右前輪有明顯擦撞痕跡，輪胎皮已不見，只剩輪框並已變形，且車牌螺絲脫落、右後輪胎消氣、車身右傾，應非這起事故造成，經警方詢問得知，李男稍早疑似在國道10號擦撞分隔島，導致右前輪胎脫落，疑似未報案，仍將受損的轎車經鼎金交流道行駛進入市區，警方將持續調閱監視器釐清李男是否涉及肇事逃逸，後續將依法究辦。警方初步研判，李男車輛設備（輪胎）不穩妥仍照常上路，可處1000至6000元罰鍰，並責令改正或禁止通行，另未依規定保持前、後車距離，可處600至1200元罰鍰，詳細肇因將由交通大隊進一步分析研判。並提醒，駕駛人如不慎發生交通事故，應依法留在現場協助處理，避免涉及肇事逃逸等法律責任。李男轎車右前輪因在國道上擦撞分隔島仍照常行駛下國道，右前輪沒有輪胎皮，輪框亦已變形。（民眾提供）熱門賽事、球星動態不漏接    ,https://news.ltn.com.tw/news/society/breakingnews/5259675
獨家》國民黨前基市議員韓良圻涉貪判7年4月定讞 今報到發監執行,社會,2025/11/27 12:37,國民黨籍前基隆市議員韓良圻，今天上午9點在兒子陪同下向基隆地檢署執行科報到，檢方11點50分發監執行。（記者林嘉東攝）曾5連霸、在任長達20年的國民黨籍前基隆市議員韓良圻，被控以人頭詐領議員助理費及慰問金近900萬元，二審判7年4月徒刑、褫奪公權3年，最高法院13日駁回韓上訴定讞後，基隆地檢署隔天立即啟動防逃機制，確保韓能如期到案執行。韓良圻今（27日）上午10點在妻、兒的陪同下向基隆地檢署執行科報到，檢方11點50分發監執行。韓良圻被控在5任議員期間，以簡姓人頭與乾兒子名義申報公費助理，詐領月薪及春節慰勞金共達889萬7109元，韓另被控教唆兒子韓東叡在無交易情況下，於公司帳冊虛列8萬元工程費，涉犯商業會計法填製不實會計憑證罪。請繼續往下閱讀...基隆地方法院依貪污治罪條例利用職務詐領財物罪，判處韓良圻8年徒刑、褫奪公權4年，並追繳未扣案犯罪所得893萬6738元；另教唆長子韓東叡填製不實會計憑證部分，則依涉犯商業會計法「虛偽填製會計憑證並入帳罪」判刑4月，得易科罰金12萬元。韓的助理楊士弘，依使公務員登載不實文書罪判刑6月，得易科罰金18萬元。韓良圻與楊士弘均不服判決，提出上訴。二審高等法院認定，雖韓主張助理實際工作且無不法所得，但多名證人證述未曾在其辦公室任職，且助理薪資發放缺乏一致性，因此判定韓確有利用職務詐領之行為；考量二審發現實際詐領金額為658萬餘元、略低於一審計算，因此改判7年4月徒刑、褫奪公權3年，其助理楊士弘則改判5月徒刑。本案經再上訴，最高法院審酌後，認定原判決認事用法並無違誤，本月13日予以駁回，全案確定。國民黨籍前基隆市議員韓良圻，今天上午9點在兒子陪同下向基隆地檢署執行科報到，檢方11點50分發監執行。（資料照）熱門賽事、球星動態不漏接    ,https://news.ltn.com.tw/news/society/breakingnews/5259722
高雄永安區里長時隔11年再被控向廠商索賄   2度被法辦收押,社會,2025/11/27 12:34,高雄永安區維新里里長蔣福山涉嫌向廠商索賄遭收押。（取自臉書）橋頭地檢署偵辦高雄市永安區里長蔣福山、與文興宮主委張財華，以辦理進香繞境活動對外募款，憑藉里長權勢假藉發動抗爭、舉報稽查或開罰威脅，向永安工業區廠商勒索財物，被依貪污治罪條例向法院聲押獲准，2人於11年前也被控以相同手法向廠商索賄被收押，但被法院獲判無罪，獲32萬元冤獄刑事補償。橋頭地檢署主任檢察官陳竹君、檢察官嚴維德指揮廉政署25日發動搜索，傳喚被告、證人等5人到場，檢察官訊問後，認被告蔣福山、張財華2人涉嫌貪污治罪條例藉勢藉端勒索財物 、恐嚇取財等罪嫌重大，有羈押之必要，向法院聲請羈押禁見獲准。請繼續往下閱讀...經查，蔣福山、張財華2人以進香繞境活動對外募款，向工業區廠商要求配合，並放話若不配合捐款將發動里民抗爭，或通報權責單位辦理聯合稽查對廠商開罰，多數廠商息事寧人，給予5至50萬元不等捐款，但仍有廠商不願就範，向檢方舉報。蔣福山10年前就曾被控用同一手法，與張財華聯手向工業區廠商索賄，但後來法院判他無罪，他還因此獲得冤獄刑事補償32萬元，沒想到10年後2人再遭舉報查辦。熱門賽事、球星動態不漏接    ,https://news.ltn.com.tw/news/society/breakingnews/5259672
自救！香港「宏福苑」大火釀至少44死 高樓逃生要訣看這裡,社會,2025/11/27 12:28,高樓大火怎麼逃生避難？消防署一張圖告知你要訣。（消防署提供）香港大埔住宅大樓「宏福苑」昨（26日）發生大火，延燒波及7棟大樓，迄今已44死62傷百人失聯，包含1名消防員殉職；針對高樓層火災逃生需知，消防署表示，火災發生時原則往1樓往外逃生，火場逃生避難時，一定要謹記隨手關門，逃生不行改避難。消防署指出，高樓層火災往1樓往外逃生時，若主要逃生路徑外已有濃煙無法避難時，請尋找第2逃生路徑往1樓往外逃生；若第2逃生路徑也受阻礙，則改往未起火相對安全空間關門避難，並用衣物或毛巾將門縫塞住，防止煙霧流入，並撥打119求援，記得詳細告知119待救人員的所在位置，等待消防人員救援。請繼續往下閱讀...消防署提醒，火災發生時不可為了收拾財物，而延誤逃生避難時間，應以保命求生為首要目標，亦不可搭乘電梯逃生，因火場會發生斷電情形，使用電梯逃生容易受困在電梯內，也不可躲在浴室，因火場危害主要為濃煙，浴室門及天花板大多為塑膠材質，塑膠門不耐高溫，且浴室門下方為通風百葉，因此躲浴室無法有效阻絕濃煙危害。消防署說，不可浪費時間尋找濕毛巾而延誤逃生避難，濕毛巾擋不住濃煙中會造成人命傷亡的一氧化碳和有毒氣體，不可以浪費寶貴的逃生避難時間尋找濕毛巾，爭取避難逃生時間，運用能掩住口鼻之物即可（如口罩、領帶等）。至於電氣使用安全謹記5不1沒有原則，民眾用電應牢記「用電不超過負載」、「電線不綑綁折損」、「插頭不潮濕污損」、「電源插座不長插」、「電器周圍不放可燃物」及「沒有商品安全標章的電器不用」，以確保居家安全。香港大埔住宅大樓「宏福苑」大火已釀44死；消防署針對如何逃生表示，高樓層火災發生時原則往1樓往外逃生，火場逃生避難時，一定要謹記隨手關門，逃生不行改避難。（歐新社）熱門賽事、球星動態不漏接    ,https://news.ltn.com.tw/news/society/breakingnews/5259661
17年前遭親人強制猥褻 被害女子隱忍成年後提告  姨丈被判刑,社會,2025/11/27 12:17,17年前遭姨丈強制猥褻，被害女子隱忍至成年後提告，法官認定犯行成立。（示意圖）女子「小葳（化名）」17年前就讀國小五年級時遭親姨丈強制猥褻，多年來無法擺脫身心受創的陰影，直到成年後決定向姨丈提告，屏東地院檢視相關事證後，認定小葳姨丈的犯行成立，依強制猥褻罪判刑3年10個月，可上訴。小葳2008年4月間借宿姨丈住處時，遭姨丈揉按並以口舔吻胸部，小藏不敢反抗，1個月後才向學校老師、同學及母親反映，校方接獲通報遂展開調查，校方及當地縣市政府雖有輔導機制，但小藏仍難以走出遭親人侵犯的陰影，直到成年後決定對加害人親姨丈提告妨害性自主，檢方去年進行調查後，認定犯罪事實，對小葳的姨丈提起公訴。請繼續往下閱讀...屏東地院認為，案時被害人正值青春期初期，屬人格發展重要階段，竟遭身為姨丈的被告強制猥褻，因而身心受創、性格改變，直至被害人成年後自行提出告訴前，長達十年多期間，被告未曾向被害人當面坦認錯誤及致歉，或致力於和解、修復，以撫平被害人所受心靈傷害，嚴重影響被害人身心及生涯發展，堪認被告犯行所生損害結果實屬嚴重，依強制猥褻罪判處3年10個月徒刑。熱門賽事、球星動態不漏接    ,https://news.ltn.com.tw/news/society/breakingnews/5259682
市值破億！掃蕩黑幫扣押232輛權利車 警協調核貸公司拖回,社會,2025/11/27 12:08,三環幫將數百輛權利車藏放於新竹山區。（記者邱俊福翻攝）刑事警察局偵二大隊第二隊掃蕩新竹地區知名三環幫旗下行銷、車行及融資公司等6家公司，於新竹山區扣押市值逾億元的232輛權利車，面對這龐大的權利車數量，檢方解除扣押後，警方立即協調這些車輛核貸的中租等融資公司及金融機構行使動產擔保權，於3天內將抵押車輛拖離幫派藏匿處，避免大批權利車流入黑市，形成治安隱憂。警方表示，融資公司、金融機構與汽車買賣方簽立汽車貸款契約時，會就該交易車輛設定動產抵押權，依據動產擔保交易法規定，抵押物（車輛）被遷移、出賣、出質、移轉或受其他處分，致有害於抵押權的行使者，抵押權人得佔有抵押物，因此這些核貸的合法融資公司、金融機構發現自己設定抵押權的車輛，被移置新竹山區空地，脫離原車主的掌控，便行使其動產抵押權，將各自有權占有的車輛拖回。請繼續往下閱讀...這次，警方於積極協調這些融資公司、金融機構的抵押權人後，他們委由拖吊公司夜以繼日耗時3日，共拖吊210輛，其餘車輛則因車況不佳，部分融資公司、金融機構考量成本效益下，才未將其名下設定的車輛拖走。熱門賽事、球星動態不漏接    ,https://news.ltn.com.tw/news/society/breakingnews/5259681
路旁違停奪命！ 雲林機車騎士傷重不治,社會,2025/11/27 12:05,機車不明原因自撞違停在路旁的大貨車，騎士傷重不治。（民眾提供）雲林莿桐鄉台1丁溪美段發生死亡車禍，年約40歲廖姓男子騎機車行經時不明原因自撞違停在路旁的大貨車，撞擊力道猛烈車頭卡進大貨車底扭曲變形，廖男傷重送醫仍宣告不治，事故原因由斗六警分局釐清中。車禍發生在昨（26）日下午6點左右，當時正值下班交通尖峰時間，廖男騎機車行駛台1丁從莿桐往斗六方向直行，不明原因從後方自撞違停在路旁的大貨車，機車車頭撞進大貨車後方車底，雲林縣消防局獲報，將傷勢嚴重的廖男送醫急救。請繼續往下閱讀...據指出，大貨車司機因到巷內的農產行洽公，把車子熄火停放在路旁，有打雙黃燈，大約半個多小時後聽到撞擊聲外出查看，機車從後方追撞。斗六分局表示，機車騎士廖男傷重送醫仍宣告不治，全案由分局交通小隊調查釐清中。機車不明原因自撞違停在路旁的大貨車，騎士傷重不治。（民眾提供）熱門賽事、球星動態不漏接    ,https://news.ltn.com.tw/news/society/breakingnews/5259687
男童橫越馬路險挨撞  駕駛PO影片「撞到算誰的？」引熱議,社會,2025/11/27 11:48,台中市一名男童橫越馬路險些挨撞。（民眾提供）台中市梧棲中央路前（25）日下午發生一起男童橫越馬路，險遭一部黑色轎車撞上驚險影片，所幸駕駛車速較慢，緊急煞車，並未發生碰撞，但駕駛嚇出一身冷汗，將影片上傳指稱「小朋友馬路斷跑差點車禍，撞到算誰的？」，引起熱議。清水警方今日指出，影片顯示孩童未依規定穿越車道，違反《道路交通管理處罰條例》第78條第1項第3款，可處500元罰鍰；如其未滿14歲，則依同條例第85-4條規定，依法裁罰其法定代理人或監護人。警方呼籲，行人過馬路應遵守交通安全規定，家長亦應從小教育孩童注意交通安全，避免因橫越道路不當而發生事故。熱門賽事、球星動態不漏接    ,https://news.ltn.com.tw/news/society/breakingnews/5259626
國3北向新竹系統交流道7車連環撞釀6傷 車流一度回堵3公里,社會,2025/11/27 11:41,國道3北向新竹系統交流道附近今天一早發生7車連環追撞車禍，車流回堵3公里，共6人受傷送醫。（新竹市消防局提供）國道3號北向100.6公里新竹系統交流道附近今天上午8點半左右發生6輛小客車跟1輛大貨車連環追撞事故，導致車流回堵約3公里，直到8點52分開放內線車道通行，才慢慢抒解車潮，這起車禍共造成6名傷者（含1名受困駕駛），都由救護人員陸續送醫，詳細車禍肇事原因仍待警方調查釐清。6名傷者皆意識清楚、但有擦挫傷及部分撕裂傷情形。國道警方也提醒駕駛，行經該處時，因有車道封閉管制，請駕駛人收聽請駕駛人收聽警察廣播電台或撥打高速公路局1968免付費客服專線，了解最新路況。車輛行經封閉管制區域請減速慢行，依既有指示牌面導引牌面行駛或提前改道，並遵守管制人員導引，以確保行車安全。國道3北向新竹系統交流道附近今天一早發生7車連環追撞車禍，車流回堵3公里，共6人受傷送醫。（新竹市消防局提供）國道3北向新竹系統交流道附近今天一早發生7車連環追撞車禍，車流回堵3公里，共6人受傷送醫。（新竹市消防局提供）國道3北向新竹系統交流道附近今天一早發生7車連環追撞車禍，車流回堵3公里，共6人受傷送醫。（新竹市消防局提供）熱門賽事、球星動態不漏接    ,https://news.ltn.com.tw/news/society/breakingnews/5259641
假購車貸款詐乾被害人！三環幫藏匿數百輛權利車 新竹山區成停車場,社會,2025/11/27 11:36,三環幫將數百輛權利車藏放於新竹山區。（記者邱俊福翻攝）新竹地區知名三環幫，涉嫌成立行銷、車行及融資公司等公司，誘騙急需用錢的被害人，向其車行「假購車貸款」，再把車輛渡予其融資公司作為擔保成為權利車，大量權利車可出租、轉售與犯案使用，為藏匿數百輛權利車，該幫派承租新竹縣芎林鄉2處隱密的山區地，輪流放置，宛如大型的停車場。警方表示，該2處停車地點，相距不遠，皆於新竹縣芎林鄉的山區，沒有門牌地址，只有一條山間小徑可供車輛進出，極為隱密，且該集團還會不時將車輛從一處全部移置到另一處，以輪流停放方式，避免遭警方鎖定，非常慎重。請繼續往下閱讀...經分析，被害人因名下沒有不動產可供擔保，該集團便以向車行假購車申請貸款，只要名下有車輛，就容易向融資公司貸款為由，引誘被害人向旗下車行以超過車價的價格購買二手車，該車再向合法的貸款公司申貸，申貸成功後，該車行收到貸款，再把貸款下來的金額給予同集團的融資公司。該融資公司之後向被害人假意因名下有汽車，可以辦理貸款，且把車輛渡予其融資公司作為擔保成為權利車，期間巧立名目以開辦費、代辦費、顧問費等等，層層剝削，最後被害人實際上僅取得小部分車貸款項，卻須背負沉重的車貸。相關新聞：史上最大權利車扣押！232輛市值逾億元 重創三環幫非法金源熱門賽事、球星動態不漏接    ,https://news.ltn.com.tw/news/society/breakingnews/5259636
高雄兩線三星警官被爆性騷摸屁股！女怒檢舉還被警告「官很大」,社會,2025/11/27 11:30,高市議員吳銘賜披露兩線三星警官涉猥褻，警察局長林炎田強調一切依規定處理。（記者王榮祥翻攝）高市議員吳銘賜今在議會指出，他接到女性民眾陳情遭兩線三星警官猥褻性騷，向警局報案後卻沒有後續，警察局長林炎田答詢強調，一切依規定處理中。吳銘賜指出，她接到女性民眾陳情書，指稱自己因為懷疑被跟蹤，向某兩線三星刑事警官求助，某天警官告訴她有找到可疑對象，約她到警官家中詳談，結果在言談中不斷碰觸其屁股、私密處等身體部分，後來該警官的長官來電要求警官回分局才解圍。請繼續往下閱讀...吳銘賜說，被害女子身心受創，今年6月鼓起勇氣向警方檢舉，不料警方起初頻頻質疑她是否要提告，還提醒她提告對象「官很大」，而報案後至今毫無下文。吳銘賜認為，女子在陳情書中詳細描述過程與警官住家擺設，他認為被害人勇敢講出來，應該有其可信度，要求警方慎重處理。警察局長林炎田強調，目前已受理報案，案件已進入司法調查程序，一切都會依規定處理。熱門賽事、球星動態不漏接    ,https://news.ltn.com.tw/news/society/breakingnews/5259614
無機車駕照竟酒駕超速害死女騎士…「此原因」獲輕判,社會,2025/11/27 11:28,廖姓男子無機車駕照竟酒駕害死女騎士，宜蘭地院國民法官庭認定他符合自首並達成和解賠償死者家屬180萬元，依酒駕致死罪輕判4年，全案上訴，高等法院今判決上訴駁回。（記者楊國文攝）有酒駕紀錄被緩起訴的宜蘭廖姓男子，前年中午酒後仍騎乘普通重型機車沿路以60、70公里時速超速飆車，不料，廖在一處巷口和李姓女機車騎士發生碰撞，李女傷重送醫不治，警方測得廖的酒測值達0.69毫克，並查出他為無照駕駛，宜蘭地院認為廖符合自首規定，且和死者家屬和解並賠償180萬元，依酒駕致死罪判刑4年；全案上訴，高等法院今判決上訴駁回。廖男已婚，育有3名子女，仍於2019年4月間開車酒駕被警查獲，檢方考量他有悔意， 將他緩起訴處分確定。請繼續往下閱讀...2023年8月23日中午12時，廖心情不佳喝啤酒解悶，13時許，騎普通重型機車沿宜蘭市鎮平二路由北往南方向行駛，當地路段限速僅30公里時速，廖卻沿路以時速60、70公里時速超速行駛。當廖行駛到鎮平一路某處巷口時，和騎乘輕型機車的李女發生碰撞，李女因傷重送醫急救，但同月25日凌晨仍不治。廖對到場警方坦承肇事，員警發現廖並無機車駕照，且全身酒味，對他實施酒測，測得其酒測值高達0.69毫克，超出法定酒測值0.25毫克甚多，將他依酒駕致死罪移送法辦，檢方將廖起訴。宜蘭地院國民法官庭審酌廖有悔意、且符合自首規定，並和死者家屬和解、賠償180萬元完畢，依刑法第59條給予減刑，判刑4年。全案上訴高等法院審理。熱門賽事、球星動態不漏接    ,https://news.ltn.com.tw/news/society/breakingnews/5259617
郭璽酸鄭文隆「公款養小三」被起訴 ,社會,2025/11/27 11:22,檢方指出，郭璽多次言談中除指控鄭男掏空公司、與陳女存在不正當關係外，也以「下賤」「下三濫」等語侮辱對方，已構成誹謗與公然侮辱，遂依法起訴。（資料照）前海軍顧問郭璽因不滿台船公司在前董事長鄭文隆任職8年間虧損200億，於多個公開場合及直播中，屢次辱罵鄭「占著職位、天天掏空公司」，並指鄭將公司利益送給前台船防蝕總經理陳秋妏，稱他拿公款養小三、兩人存在不正當男女關係。台船對妨害名譽、信用部分曾提告但獲不起訴，鄭文隆另就個人名譽提出告訴後，士林地檢署展開偵查，近期依誹謗罪予以起訴。起訴書指出，鄭文隆曾任台船董事長，郭璽則為公司股東。兩人原有私交，郭璽也曾受鄭託請協助尋找投資人；但隨著公司虧損擴大，郭璽心生不滿，懷疑鄭文隆「占著職位掏空公司」，並質疑他與陳秋妏關係密切。郭璽之後在多個時間、地點，以電話、陳情及公開發言等方式，反覆指稱鄭男將公司利益輸送給所謂的「小三」，甚至稱對方「天天掏空公司」。請繼續往下閱讀...偵訊中，郭璽承認確曾發表相關言論，台船公司106與107年度每股盈餘（EPS）均呈現負值，分別為-7.91元及-8.87元，他因此認為「公司一年賠掉一個資本額」，並推論鄭男「占著職位掏空公司」。郭強調，他曾因私交協助鄭文隆尋找投資人，後來看到公司持續虧損，自認「覺得被騙」，多次打電話詢問卻遭掛斷，因此才對外揭露。關於指控鄭文隆與陳秋妏有親密關係，郭璽則表示，多名員工與承包商都聽聞相關傳言，包括他自己也曾在高鐵巧遇兩人同行，又有人向他稱見過陳秋妏夜間進出公司宿舍，因而懷疑雙方關係並稱陳女為「小三」。此外，他還認為，鄭讓陳秋妏接掌公司旗下多家子公司，是將公司資源「輸送」給對方。檢方指出，郭璽在多次言談中除指控鄭男掏空公司、與陳女存在不正當關係外，也以「下賤」「下三濫」等語侮辱對方，具公然貶抑人格之意，相關行為已侵害鄭男名譽，構成誹謗與公然侮辱，遂依法起訴。熱門賽事、球星動態不漏接    ,https://news.ltn.com.tw/news/society/breakingnews/5259602
4月大兒哭鬧莽父失手悶死他藏屍6年  狠心丟棄遺骸回老家,社會,2025/11/27 11:22,黃姓男子因不滿4月大的兒子哭鬧，被控用抱枕蓋住兒子的口鼻致死。（資料照）黃姓男子與妻子楊女於8年前生下男嬰，隔年初黃男因不滿4個月大的兒子吵鬧，用抱枕蓋住兒子的口鼻致死，把兒子遺體放入行李袋內，藏屍長達6年，直至前年底把兒子的遺骸丟到基隆老家才曝光，基隆地院審酌黃男具悔意，應無再犯之虞，依過失致死、遺棄屍體罪，合併判處應執行2年徒刑，緩刑4年。全案上訴，高等法院今判刑２年，撤銷緩刑。可上訴。檢方起訴指控，黃男與楊姓女子婚後，於2017年11月生下兒子，隔年3月，黃在妻子外出後因不滿兒子哭鬧，竟拿抱枕蓋其口鼻，忽略嬰孩無翻身、掙扎能力，發現時已經身亡。黃男事後將此事告知妻子，決定將兒子遺骸放進入行李袋內帶在身邊，避免東窗事發。請繼續往下閱讀...夫妻倆後因故離異，兒子遺骸由黃男帶在身邊。前年底，黃男稱想讓兒子落葉歸根，將兒子遺骸帶回基隆老家附近郊區棄置，後因兒子去年適逢入學年齡，教育單位找不到人，通報警政機關，經追查後案件才曝光。基隆地院審理時，黃男證稱他有4個小孩，分別3歲到8歲，死掉的小孩是第2個，其餘3個小孩由母親照顧，他因個人疏失悶死兒子後，把兒子的遺體放在行李袋內6年，只是很單純想把兒子留在身邊。黃男表示很後悔，很對不起兒子，他以後會好好照顧其他3個小孩，不會再觸犯法律，希望法官給他自新機會。黃男的前妻也到庭證稱，她尊重法院的決定，不希望法院重判黃，因為黃已有在反省，也知道黃當時並不是故意的，她希望黃可以有時間常常回去看另3個小孩，好好照顧他們，對他們負起責任。基隆地院審酌，黃男犯後確有悔悟，應無再犯之虞，依過失致死罪、遺棄屍體罪，分別判1年8月徒刑、8月徒刑，合併判處應執行2年徒刑，緩刑4年；緩刑期間付保護管束，須接受30小時家庭親子關係認知教育輔導。全案上訴，高等法院改判黃2年徒刑，並認定不應給予緩刑，故撤銷緩刑。熱門賽事、球星動態不漏接    ,https://news.ltn.com.tw/news/society/breakingnews/5259598
開車轉彎未打方向燈被攔下 無業男毒駕被搜出喪屍煙彈,社會,2025/11/27 11:18,蔡男經唾液快篩及試劑檢驗呈依託咪酯陽性反應，詢後移送偵辦，並開出3萬至12萬元罰單、吊扣駕照1至2年。（記者陸運鋒翻攝）蔡姓男子駕車行經新北市永和區時，因轉彎未打方向燈被警方攔下，員警發現其車內放置電子煙彈，隨即要求下車盤查，蔡男經唾液毒品快篩檢測結果陽性反應，另搜出喪屍煙彈3顆等毒品，除移送偵辦外，另開單舉發並扣車扣照。永和警分局調查，無業的60歲蔡男居住在永和區，本週一（24日）駕駛轎車準備前往淡水找女友，行經永和秀朗路二段右轉時未打方向燈，且沿路搖搖晃晃，巡邏員警見狀後將其攔下，盤查過程中，蔡男眼神飄忽不定，且車內放著電子煙彈，員警隨即要求其下車盤查。請繼續往下閱讀...據指出，蔡男見紙包不住火，主動交付電子煙彈3顆、電子煙主機4台，經唾液快篩及試劑檢驗呈依託咪酯陽性反應，當場將依道路交通管理處罰條例第35條開出3萬至12萬元罰鍰，並移置保管車輛、吊扣駕照1至2年。警詢時，蔡男辯稱喪屍煙彈是友人所寄放，警詢後依公共危險、毒品危害防制條例等罪嫌移送新北地檢署偵辦，並採集尿液送檢。蔡男駕車行轉彎未打方向燈被警方攔下，盤查後搜出電子煙彈，經唾液毒品快篩檢測結果陽性反應。（記者陸運鋒翻攝）警方搜出電子煙彈、電子煙主機等違禁品。（記者陸運鋒翻攝）熱門賽事、球星動態不漏接    ,https://news.ltn.com.tw/news/society/breakingnews/5259586
滅火器怪客大鬧台鐵！車廂內亂噴滅火器被乘客合力壓制,社會,2025/11/27 11:16,車廂地板上都是滅火器乾粉。（記者王冠仁翻攝）一輛台鐵132車次自強號列車，昨天行經桃園中壢時，第9節車廂中一名年約50多歲的男乘客，不知何故，胡亂拿起車廂中擺放的滅火器胡亂噴灑。其他旅客見他失控，合力將他壓制並通報台鐵人員，鐵警局警方在列車抵達中壢站後，上車將他逮捕。鐵路警察局中壢所在昨天下午5時30分接獲通報，台鐵人員聲稱，132次自強號9車處一男子不明原因，於車廂內噴灑滅火器。請繼續往下閱讀...警方隨即在列車抵達中壢站時上車逮人，當時車廂內四處都是滅火器乾粉，還有其他旅客為此不斷咳嗽。而胡亂噴滅火器的男子已經被其他旅客合力壓制，但他情緒不穩，沒交代為何自己要亂噴滅火器。警方最後將這名男子依公共危險及毀損罪現行犯逮捕送辦，但是列車也因此延誤5分鐘。滅火器怪客被熱心乘客合力制伏。（記者王冠仁翻攝）熱門賽事、球星動態不漏接    ,https://news.ltn.com.tw/news/society/breakingnews/5259599
史上最大權利車扣押！232輛市值逾億元 重創三環幫非法金源,社會,2025/11/27 11:13,男子吳建承移送檢方偵辦。（記者邱俊福翻攝）新竹地區知名三環幫，涉嫌成立行銷、車行及融資公司等共6間公司，於網路散布輕鬆核貸廣告引誘民眾上鉤，倘若沒有不動產抵押，便誘騙向車行申請不實購車貸款，被害人僅拿到少許車貸，卻要求將車輛讓渡予其融資公司作為擔保成為權利車，讓被害人僅背負車貸，且繳付高額代辦費等，層層剝削，成為該幫派最大金流；刑事警察局偵二大隊第二隊今宣布偵破，逮吳男等19人送辦，一舉查扣市值逾億元的232輛權利車，為國內史上最大規模的權利車查扣行動。警方逮捕該幫派中生代大哥40歲吳建承等19人移送新竹地檢署後，當中吳等10名主要幹部、店長、主管皆聲押獲准，其餘諭令6萬元至10萬元交保，本月中旬已依組織犯罪、詐欺、洗錢等罪嫌起訴。請繼續往下閱讀...警方偵辦今年春節前夕新竹縣竹東鎮三環幫大哥劉憲治遭槍殺身亡案時，發現作案及接應車輛均來自新竹縣芎林鄉「承益資融有限公司」，遂於2月26日發動搜索，循線追查發現該融資公司與4間行銷公司、1間車行密切合作，以假借代辦貸款與虛構債務整合手法詐騙民眾土地及車輛，經分析通訊紀錄及資金流向，查知6間公司由吳男指揮，成為該幫派近年重要金流。經分析犯案手法，行銷公司於網路散布廣告，以「債務整合」、「快速核貸」為誘因，吸引急需資金之民眾詢問，經評估被害人財力狀況後以2種方式從事詐欺犯行，首先若被害人可提供不動產擔保品，則介紹至集團旗下融資公司，透過高額手續費、縮短還款期限等資訊落差或佯稱可向金融機構借款的名義，誘騙被害人抵押借款，致使被害人因違反契約被迫違（解）約背負鉅額違約金及債務。其次，若被害人無法提供相關擔保品，則以信用不佳為由介紹「假購車貸款方案」，誘騙民眾申請不實購車貸款，成功核貸購車後始由融資公司出面放款，並要求將車輛讓渡予融資公司作為擔保，除了代辦公司收取高額代辦費，融資公司更無故收取高額開辦費、手續費等不合理的虛假費用，層層剝削，被害人僅能取得少額資金，還無端背負沉重車貸。此外，該集團利用旗下車行操作過戶流程，將車輛過戶至被害人名下，使車輛快速脫產成為容易藏匿與轉手的黑市「權利車」，供其牟利及所屬幫派犯案工具。警方7月29日搜索6間公司、1處幫派據點、2處權利車藏匿地及多名幹部住處，拘提吳等19人到案，初估犯案2年多，從帳冊與權利車數量被害人逾200人，目前已清查被害人60人，財損8000萬元，詢後依詐欺、洗錢及組織犯罪等罪嫌移送新竹地檢署偵辦。相關新聞：假購車貸款詐乾被害人！三環幫藏匿數百輛權利車 新竹山區成停車場警方查扣現金180萬多元與手機、存摺本、自然人憑證、K盤、球棒、帳冊本、隨身碟、汽車鑰匙、鑽戒、勞力士手錶及相關貸款文件等證物。（記者邱俊福攝）該集團於Instagram發布限時動態行銷。（記者邱俊福翻攝）該集團刊登的貸款廣告。（記者邱俊福翻攝）熱門賽事、球星動態不漏接    ,https://news.ltn.com.tw/news/society/breakingnews/5259585
小港機場男職員告白被拒  女下屬逃「密道」躲騷擾,社會,2025/11/27 10:54,曾在高雄國際航空站工作的朱姓男子，追求女下屬遭拒竟展開瘋狂追求。（資料照）曾在高雄國際航空站工作的朱姓男子，調職去其他單位服務時，在踐別會上向女下屬小雅（化名）告白，小雅明確拒絕更告知只當他是「父執輩」，但朱男不死心持續傳訊騷擾，小雅從機場密道逃避後無奈報警，朱男被依跟騷法判刑2月，得易科罰金。判決指出，朱姓男子在高雄國際航空站服務多年，2023年9月，朱調職去其他公家單位當組長，航空站同事幫他辦踐別會，朱男趁機向小雅告白；但告白沒下文，朱男再傳訊給小雅，跟她說：「愛一個人真的很苦，但是有活著感覺。希望妳幸福快樂，有任何需要，要跟我說，讓我守護妳一輩子」。請繼續往下閱讀...小雅看到訊息後，也立即回他：「對朱大哥一直都是抱持著長輩、父親的愛戴，沒有其他之餘的想法」，朱男告白被拒不死心，持續傳送「有點小失眠，相信有愛一切都會好起來，不管怎樣，哈哈，我要定妳了，這輩子或下輩子一樣」、「之前妳有跟我說過妳爸從不牽妳，我很訝異，後來我跟妳碰面，已經有克制了，只是離開時，短暫牽你一下，希望給妳幸福的感覺。我真心把妳當自己人看待」、「還是以後不要約在機場，比較不尷尬， 好嗎?」。小雅不斷被朱男簡訊騷擾，只好將他封鎖，但朱男竟跑去機場堵人，小雅得知此事後，嚇得在同事的掩護下，從機場密道逃離辦公室，直到朱男離去後才回到座位辦公；小雅面對朱男長達半年的騷擾不堪其擾，只能報警求援。高雄地方法院審理時，朱男否認騷擾小雅，還說小雅拿出來當證據的對話紀錄是偽造的，自己一直對她很好，把她當「女兒」對待；但法官綜合相當事證後，認定朱男並未把小雅當「女兒」而是當成「女人」對待，加上小雅已多次明白拒絕朱男的追求，因此依違反跟騷法判他徒刑2月，得易科罰金，可上訴。熱門賽事、球星動態不漏接    ,https://news.ltn.com.tw/news/society/breakingnews/5259565
台中警匪追逐！包腿刺青通緝男深夜狂竄 跑輸10公斤裝備警員,社會,2025/11/27 10:49,陳男最後體力不支跌倒就逮。（警方提供）台中市西屯區深夜上演警匪追逐！一名半甲、包腿刺青的22歲陳姓男子，被警方攔查時佯裝配合卻突然拔腿狂奔，途中甚至甩掉拖鞋加速逃命，而員警雖身背10公斤裝備，仍徒步在後方追趕，陳最後因體力不支在巷弄內落網，警方查出陳是詐欺通緝犯，已被判刑6月得入監執行，警詢後解送歸案。台中第六分局何安所巡佐洪茂益與員警何叡棋、鍾勝雄，前天深夜在中清路與經貿八街口執勤時，發現一輛轎車違規左轉攔停，盤查過程中發現後座陳姓乘客神情緊張、反應遲疑，立即請其下車配合查證身分，陳男先是假意配合，卻不斷以「想上廁所」為由拖延，接著又稱要拿證件，趁機打開車門、緊抓手機拔腿狂奔。請繼續往下閱讀...過程中陳甚至直接甩掉拖鞋，赤腳衝刺進入巷弄深處亂竄，警員何叡棋身背超過10公斤裝備、戴著安全帽，仍毫不猶豫追了上去，深夜街道間瞬間響起激烈腳步聲，兩人穿過草叢、停車場、彎曲巷弄上演追逐戰，陳男奔跑時氣喘聲不斷，偶爾回頭張望，腳上的包腿刺青在路燈下晃動「快跑」，試圖擺脫追捕，但體能卻逐漸跟不上。追逐約300公尺後，陳男終於因體力透支跌倒，警方也隨即上前壓制，成功將人逮捕，經查，陳因詐欺案遭判刑6個月得入監服刑，今年9月被發布通緝，為逃避刑責才會心虛企圖逃逸；第六警分局呼籲，民眾若發現可疑人士或通緝犯蹤跡，應立即通報警方，不要心存僥倖或協助藏匿，以免誤觸法網，共同維護社會治安與公共安全。陳男面對盤查突然拔腿狂奔。（警方提供）熱門賽事、球星動態不漏接    ,https://news.ltn.com.tw/news/society/breakingnews/5259559
母不滿2歲稚女不收玩具 三度高舉重摔踹踢致死重判9年,社會,2025/11/27 10:46,桃園廖姓女子不滿2歲稚女不收玩具，一怒之下，3度高舉重摔地上並踹踢女兒導致傷重死亡，高等院今仍重判9年。（記者楊國文攝）桃園市廖姓女子前年在租屋處陪伴2歲半的女兒，認為女兒不聽話，未收起玩具，涉嫌3度將女兒舉到離地面130公分的高處，再重摔到厚度4公分的地墊上，接著出腳踹胸，導致女兒當場嘔吐、昏迷，送醫不治，桃園地院國民法官庭依重傷害致死罪判廖女9年徒刑，全案上訴，高等法院今判決上訴駁回，可上訴。檢方調查，廖女平日管教女兒就經常怒罵、掐捏，前年12月15日下午，她在租處見女兒不收玩具，情緒失控下，3度將身高僅86公分、體重12公斤的2歲半女兒，舉高後重摔在地墊，之後用腳踹女兒胸口一次，導致女兒嘔吐昏迷。請繼續往下閱讀...廖女見狀急忙報案，由救護車將女兒送醫搶救，但女兒因急性左硬腦膜下血腫、急性蜘蛛網下出血等重傷害持續昏迷，昏迷指數3，經醫師實施開顱血塊清除手術等治療後，仍因傷勢嚴重、呼吸衰竭須仰賴呼吸器存活，今年1月2日清晨宣告死亡。桃園地檢署認為，廖女雖無置女兒於死的故意，但她是智慮正常的成年人，明知女兒僅2歲半，須細心照顧養護，卻仍3度高舉重摔女兒，依重傷害致死罪起訴廖女。桃園地院國民法官庭審理後，將廖女重判9年徒刑。全案上訴高等法院。高等法院認為廖女觸犯重傷害致死罪犯行明確，一審量刑適當，今判決上訴駁回。熱門賽事、球星動態不漏接    ,https://news.ltn.com.tw/news/society/breakingnews/5259541
北市天母SOGO週年慶登場 士林警公布交通管制措施,社會,2025/11/27 10:44,警方將於活動現場周邊進行交通管制。（記者王冠仁翻攝）位於台北市士林區的天母SOGO百貨公司，從昨天開始至12月5日，舉辦周年慶活動，警方預估將會有大批人潮與車潮湧入。為了維護周邊地區交通順暢，士林分局已規劃相關交通管制、疏導措施，呼籲民眾行經相關路段要遵守警方與義交的指揮。士林分局表示，為因應活動期間車潮與人潮，警方於活動期間每日投入6名警力及16名義交人員，在中山北路、忠誠路、德行西路等重要路口設置交通疏導崗哨，並依即時交通狀況彈性調整管制與分流措施，確保交通秩序良好。相關重點如下：請繼續往下閱讀...一、開幕日及假日（週六、日）10 時至22時，於中山北路與德行西路、中山北路6段75巷口、SOGO天母店周邊、中山北路與忠誠路、福華路與德行西路及天母SOGO百貨停車場北側出口實施交通管制。二、平日上述路段15時至22時重點時段進行管制。士林分局呼籲，民眾請配合員警及義交交通指揮，遵守標誌管制與指示，避免違停或任意迴車，警方也將加強百貨公司周遭執法，請民眾勿於停車場附近道路違規停車排隊，以免造成塞車或衍生交通事故，同時提醒民眾多加利用大眾運輸與捷運系統，共同維護天母商圈的交通安全與通行順暢。警方將於活動現場周邊進行交通管制。（記者王冠仁翻攝）熱門賽事、球星動態不漏接    ,https://news.ltn.com.tw/news/society/breakingnews/5259561
搧羅智強臉判拘10日得易科罰金 北檢將通知邱議瑩到案執行,社會,2025/11/27 10:40,在立院拿紙扇打羅智強耳光被判處拘役10天確認，北檢將通知邱議瑩到案執行。（資料照）民進黨立委邱議瑩去年5月在立法院議場，用紙扇揮打國民黨立委羅智強臉頰，羅事後提告，台北地檢署今年9月依公然侮辱罪起訴邱，並聲請簡易判決處刑；因邱認罪並道歉，台北地院採簡易判決將她判處拘役10日，得易科罰金1萬元。據了解，由於邱議瑩未提上訴，全案確定，台北地檢署將通知她到案執行，由於可易科罰金，如無意外，邱議瑩只要繳1萬元就可免除入獄服刑。判決指出，邱議瑩去年5月28日在立院議場討論法案時，發現羅智強持手機開直播，指責民進黨以再生醫療法等其他議案干擾、延滯議程，邱走到羅面前稱「你是沒被打過喔？」持紙扇搧打羅的左臉一下。羅認為人格、名譽及社會評價遭受貶抑，提告刑事妨害名譽，另提民事求償50萬元；民事一審判邱應賠20萬元，邱未上訴而確定。請繼續往下閱讀...北院刑事庭法官認為邱議瑩侮辱犯行明確，念及她坦認的犯後態度並已完成賠償，也在臉書公開認錯，邱的動機是出於想到罹癌患者面對病痛及治療的煎熬、為了提升醫療產業創新，關心自己多年努力奔走立法的再生醫療法草案心切所致，而其手段是以持紙扇搧打羅，行為時間短瞬，量處拘役10日。熱門賽事、球星動態不漏接    ,https://news.ltn.com.tw/news/society/breakingnews/5259539
當鋪叫員工裝妹子討債  竟遭BMW男開車輾壓拖行險喪命,社會,2025/11/27 10:38,高雄男子遇人討債加速衝撞欲逃，討債男慘被捲車底拖行30公尺，救護車趕到現場救人。（民眾提供）田姓男子向當鋪業者借15萬元週轉，但分文未還賴帳，業者叫袁姓、陳姓員工裝成女網友，約田男出來約會，田男上當赴約，到場後發現自己遭設局，開著BMW落跑時，竟直接輾過袁男還拖行30多公尺，遠男被救出時傷重差點喪命，法官依殺人未遂罪判徒刑7年。判決指出，田姓男子拿了一輛大型重機車作為擔保品，向當鋪借了15萬元後，第一期就賴帳不繳還避不見面，當鋪業者為了讓田男出面解決自己的債務問題，請女員工佯稱成女網友，假意在網路上和田男攀談並相約見面後，田男上當，去年6月5日下午和女網友約在三民區某連鎖超市前碰面，田男開著BMW赴會。請繼續往下閱讀...田男到場時還沒下車，就看當鋪的袁姓、陳姓員工等在超市前，田男發現自己被設局，趕緊調頭想要落跑，袁、陳兩人看到田男想跑，也上前準備攔住人車，沒想到田男被攔阻時，竟不顧一切直接加速，將袁姓男子撞倒在地後，車輪將袁男捲入車底，拖行了3多公尺。田男發現自己撞到人，車底下還有「異物」，竟沒有停車查看，反而前後來回移動，企圖讓「異物」脫離車底，而困在車底的袁男則被來回輾壓，被救出時身上多處灼傷，差點死在輪下。警方獲報及時趕到控制場面，並逮捕田男，高雄地方法院審理時，田男坦承犯行，還說自己曾被袁男暴力討債過，因此才認得對方，但辯稱自己沒有要殺人的企圖，只想逃離現場沒想到會撞到人；但法官根據相關事證，認定田男有具有殺人之不確定故意，因此依殺人未遂罪他徒刑7年，可上訴。熱門賽事、球星動態不漏接    ,https://news.ltn.com.tw/news/society/breakingnews/5259532
板橋國小通學巷賓士C43當賽道 3分鐘逆向過彎5項違規,社會,2025/11/27 10:37,板橋國小後門通學巷今天上午發生一輛C43旅行車送小孩時，把通學巷當賽道。（記者吳仁捷翻攝）家長向本報爆料，新北市板橋國小今天上午上學時段，通學巷傳出一輛白色賓士C43旅行車不但高速過彎，且接近板小後門的中正、北門街口時，加速逆向左轉、靠近停等區時，也沒打方向燈就靠邊讓小孩下車，讓後方同樣駕車接送的家長險些撞上，短短3分鐘內至少5項違規，家長向新北市議員周勝考陳情，周勝考表示，將要求警方、校方加強取締、舉報通學時段危險駕駛，讓護童勤務不只是例行公事。家長向周勝考陳情，呼籲校方、警方改善、加強通學巷交安維護，周勝考要求校方、警方針對板橋等地通學巷，加派警力維持交安；新北市體育會理事長周韋翰呼籲，板橋人口稠密，許多學校上下課學生眾多，希望警方、校方用心關注通學巷安全，降低類似三峽通學巷車禍的意外。請繼續往下閱讀...板小家長向本報爆料，今天上午7時50餘分許，他搭載家中學童上學時，由於快要遲到，他也加快開車節奏，但前方車輛行徑誇張，先是綠燈起步時，逆向跨越雙黃線，還高速過彎，快到板小後門汽車停等區時，也沒打方向燈，只是靠邊滑行，到接近校門口突然停下，讓後方急著送小孩上學的家長座車險些撞上。家長指控，誇張的還在後頭，這輛C43送小孩下車後，起步左切一樣沒打方向燈，直接在禁止迴傳的雙黃線迴轉，右轉進中正路口後，又違停紅線，宛如把通學巷當賽道，險象環生。板橋國小後門通學巷今天上午發生一輛C43旅行車送小孩時，把通學巷當賽道。（記者吳仁捷翻攝）熱門賽事、球星動態不漏接    ,https://news.ltn.com.tw/news/society/breakingnews/5259538
嫩妹車內慘遭強吻、逼摸下體！狼師挨告哭窮：薪水低,社會,2025/11/27 10:33,曾姓高中教師邀約昔日女學生聚餐，餐後卻將人載往河濱公園，在車內強行親吻、舔胸，強拉手觸碰下體得逞。（情境照）台北市曾姓高中教師邀約昔日女學生聚餐，餐後卻將人載往河濱公園，在車內強行親吻、舔胸，甚至強拉女方的手觸碰自己下體得逞。事發後，被害人身心受創罹患創傷後壓力症候群（PTSD），憤而提告求償80萬元。士林地方法院審理後，考量雙方身分地位及經濟狀況，判決曾男應賠償被害人30萬餘元。全案可再上訴。判決指出，曾男為A女（化名）的高中老師，兩人於去年9月10日下午，相約在北市大葉高島屋百貨用餐。餐敘結束後，曾男藉故接送A女，先是在車內強吻A女嘴唇並撫摸胸部；隨後又將車開往新北市永和區綠寶石河濱公園停車場，再次強吻A女，並進一步舔舐其胸部，更強抓A女的手撫摸其生殖器，強制猥褻得逞。事後，A女身心崩潰，經診斷罹患創傷後壓力症候群、需就醫治療，主張曾男嚴重侵害其身體及性自主權，提告請求醫藥費及精神慰撫金共80萬1720元。法院審理時，曾男對侵權事實及醫藥費金額均不爭執，但辯稱自己事發後已無教職，目前月薪僅約3萬元，認為精神慰撫金應以30萬元為適當。法官審酌，曾男未能尊重他人性自主權，為逞一己私慾，兩度違反意願對昔日學生強制猥褻，造成被害人身心受創甚深；考量A女仍為大學生，而曾男原為教師，現已離職且資力有限等情狀，認為請求80萬慰撫金過高，判賠30萬1720元。全案可再上訴。熱門賽事、球星動態不漏接    ,https://news.ltn.com.tw/news/society/breakingnews/5259527
江姓軍人失聯6天獲救 台中八唐縱走存活關鍵曝,社會,2025/11/27 10:32,江男幸運獲救，送醫檢查。（台中市消防局提供）25歲的陸軍十軍團568裝甲旅江姓士兵21日攀登台中八唐縱走失聯，台中市消防局與國軍等昨天（26日）持續上山搜救，發現江男受困南松鶴附近溪谷；外界好奇他如何撐過這6天？他吐露，靠著背包內3條能量棒，每天只吃半條，喝溪水止渴，其實到昨天能量棒已吃完，所幸及時獲救，否則後果難料。台中市消防局表示，21日江男獨攀和平區蝶夢八唐山路線，隔天22日凌晨2時50家人報案他失蹤，22日起大批搜救人員針對失蹤者原定路線於唐麻丹山、蝴蝶谷及八唐稜線等熱區範圍搜索，26日搜索日第5天，昨天上午9時50分，搜救人員於南松鶴山附近步道聽到求救聲及哨音，循線接近後以呼聲確認求救者姓名確為當事人，順利下切溪谷救出江男，他並無大礙。請繼續往下閱讀...據了解，江男因暗夜迷途山徑，不慎滑落溪谷後，包括手機、眼鏡、頭燈都噴飛山谷，身上僅剩下背包，黑夜無法求援，因見到前方有瀑布，決定待在原地待救，身上剩3條能量棒，一天吃半根，喝溪水，因天黑後，山區低溫，他晚將帶的衣服全部穿上，圈縮著身子睡覺，靠意志力度過漫漫長夜。江男說，墜落處與山路距離約200公尺，唯一食物是背包內的3條能量棒，所幸有山泉水和溪水，最重要的是他有隨身帶著哨子，他每天醒來就吹哨子，吸引外界注意，盼能讓救援人員聽到。熱門賽事、球星動態不漏接    ,https://news.ltn.com.tw/news/society/breakingnews/5259504
澎湖觀音亭警察服務站圍牆 彩繪變身打卡景點,社會,2025/11/27 10:29,澎湖觀音亭警察服務站，經過彩繪後成為打卡景點。（澎湖縣政府警察局提供）澎湖縣政府警察局結合行政處，以「交通安全×在地文化×社群擴散」為策略，邀請網路人氣噴漆畫家CHENS陳若欣，在觀音亭園區警察服務站創作交通安全主題彩繪牆，透過噴漆藝術形式，吸引年輕人關注，提升交通安全宣導效果。此次彩繪匯集多組澎湖在地 IP，包括澎澎菊掌、菊妹、俏妞，以及與「沿著菊島旅行」合作打造的新角色七美黑羊、後寮哈密瓜等，並融入城前牡蠣、竹灣花生及跨海大橋澎湖特色意象基座，以及停讓行人等交通安全標語，打造兼具教育意義與拍照打卡價值的公共藝術牆。請繼續往下閱讀...澎湖縣政府警察局表示，希望塗鴉牆能成為民眾共享的地標，歡迎大家前來拍照打卡，發揮創意玩出新花樣，讓「停讓行人」不只被記住，更透過拍照與分享擴散出去，使交通安全觀念在日常生活中自然扎根。警察局也將陸續推出與彩繪牆相關的抽獎活動，敬請民眾持續關注。鄰近馬公市區的澎湖觀音亭園區，是結合了歷史古蹟、海濱美景與多元遊憩設施的綜合園區。園區內不僅可以參拜歷史悠久的觀音亭，還能欣賞西瀛虹橋的浪漫景致、體驗親水活動，也是欣賞澎湖花火節的最佳地點。澎湖縣政府警察局特別在此警察服務站，此次透過彩繪外牆，設置打卡點活動，成為園區內特色景點，顯示警政思維不斷與時俱進，結合時代潮流。澎湖著名觀光景點跨海大橋，也成為彩繪內容。（澎湖縣政府警察局提供）熱門賽事、球星動態不漏接    ,https://news.ltn.com.tw/news/society/breakingnews/5259530
因小失大！小氣男桃機停車場5度跟車入場逃費290元 被判拘役40天,社會,2025/11/27 10:21,沈姓男子駕駛租進車在桃園國際機場停車場跟車入場逃費290元，被桃園地院判處拘役40日得易科罰金4萬元。（記者余瑞仁攝）沈姓男子於今年5、6月間駕租賃車5度在桃園機場第一航廈嘟嘟房停車場利用「跟車」方式進場，成功避過辨識設備，再從計程車出口離去，前後省下290元停車費，其行為經業者發現、依監視器影像提告；桃園地院審理後依詐欺罪之非法由收費設備得利罪，將沈男判處拘役40日，得易科罰金4萬元。判決指出，沈男於今年5月21日至6月8日間，5度駕著租賃車前往桃園國際機場第一航廈嘟嘟房停車場排隊入場，卻趁前車辨識車牌入場、柵欄未放下之際，駕車緊隨前車通過柵欄的「跟車」方式，讓停車場入口車牌辨識設備無法登記他的車牌號碼進行計費；沈男5度跟車入場後，均從計程車車道出口離去，停車場出口的收費設備因沒有該車號入場紀錄，讓沈男因此詐得免於支付停車費用的不法利益290元。請繼續往下閱讀...沈男的跟車入場伎倆仍被停車場管理人員察覺，經調閱監視影像掌握證據後提告。檢警調查時，沈男坦承確實有在5、6月間多次沒有繳停車費就離開停車場，但他否認使用「不正當方法」騙過車牌辨識收費系統而獲利，辯稱「只是趕時間、忘記繳錢」；檢察官對沈男「連續5次」趕時間、忘記繳錢的說法認為只是臨訟卸責之詞，且沈男即使至事件曝光後也未補繳停車費，犯罪嫌疑可堪認定而起訴。法官審理認為，沈男以「跟車」的不正當方法進入停車場，藉此逃避繳納停車費，造成停車場管理人遭受財產損失，已構成犯罪行為應受懲罰，審酌其犯案動機、目的、手段，以及所獲得的不法利益金額，判處拘役40日，並諭知得易科罰金。可上訴。熱門賽事、球星動態不漏接    ,https://news.ltn.com.tw/news/society/breakingnews/5259519
別亂飛！北市信義區違規用「無人機」拍照 女攝影師慘被罰30萬！,社會,2025/11/27 10:05,江姓女攝影師在信義區使用無人機拍照，遭罰款30萬元。（桃園分署提供）日前發生無人機闖入花蓮監獄空投酒、檳榔等違禁物品，讓無人機議題備受關注，事實上無人機拍攝沒有高度限制是許多攝影師最愛，台北市就發生一起江姓女攝影師，於去年10月在台北市信義區附近操作遙控無人機違反規定被罰30萬元，江女逾期未繳移送執行，法務部行政執行署桃園分署查扣江女名下股票，江女獲悉後立刻匯款繳清罰鍰。江姓女攝影師，去年10月在台北市信義區松仁路附近操作遙控無人機，惟該區域為公告禁止從事遙控無人機飛航之區域，經調查發現無人機當時飛行高度約與台北101建物（508公尺，約為1667呎）相當，顯然已經違反無人機飛航高度不得超過逾距地面或水面400呎之限制，民航局依民用航空法裁罰江女30萬元，並限於9月19日前繳納，但江女逾期未繳納，全案才移送桃園分署執行。請繼續往下閱讀...桃園分署於收案後調查江女名下財產，發現其名下持有股票足清償罰鍰，旋即於11月12日扣押江女名下股票，江女得知股票遭扣押瞭解原因後，於19日匯款30萬元至桃園分署公庫，一次繳清罰鍰全額。熱門賽事、球星動態不漏接    ,https://news.ltn.com.tw/news/society/breakingnews/5259496
17歲少女玩交友軟體XO遇陷阱 東區百貨見面前被勒索5萬保證金,社會,2025/11/27 09:51,員警向少女詢問案情。（記者鄭景議翻攝）台北市17歲楊姓少女日前透過交友軟體「XO」結識一名男子，兩人上週末相約在東區某百貨公司見面時，對方竟當場變臉，藉口稱見面前需繳交新台幣5萬元「安全保證金」，更自稱有幫派背景，恐嚇少女若不配合就「當心自身安全」。楊姓少女心生畏懼，緊急向百貨公司求助。大安分局敦化南路派出所獲報後立即趕到現場，成功阻止這起詐騙案，並將少女平安交由父母親帶回。大安分局表示，日前接獲47歲的楊姓男子報案，稱女兒疑似遭遇詐騙，急需警方協助。員警趕赴查處，經了解，被害人楊女在交友軟體「XO」上結識一名陳姓男子，兩人相談甚歡後，相約見面。請繼續往下閱讀...不料，雙方碰面前，陳男即要求楊女先向他們的「公司經理」繳交鉅額保證金5萬元，並宣稱自己是幫派分子，若不繳錢恐怕難保證少女的安全，還以「只給你30分鐘」等言語催促少女繳錢，企圖以恐嚇方式騙取財物。楊女感到害怕，立即向該百貨公司VIP室服務人員求助，服務人員隨即通知少女的父母即警方。警方到場後，向楊女詳細說明常見的交友詐騙手法，並提醒她切勿聽信不明人士要求，應保障自身安全與權益。最後由警方協助聯繫父母親接回，楊女得以平安返家。大安分局呼籲，倘若遇到疑似詐騙情形，如不明指示匯款、交付費用等要求，當下務必保持冷靜，並可立即撥打110向警方或165反詐騙專線查證，避免遭受不法侵害。警方將持續強力打擊詐騙犯罪，守護民眾人身及財產安全。少女與網友對話。（記者鄭景議翻攝）熱門賽事、球星動態不漏接    ,https://news.ltn.com.tw/news/society/breakingnews/5259483
台中土地公廟深夜全面燃燒 駭人烈焰吞噬瞬成火海,社會,2025/11/27 09:48,土地公廟突然起火。（民眾提供）台中市西區深夜驚見火光沖天！位於華美西街一段、公園旁的一處土地公廟，26日晚間10時38分突然竄出猛烈火勢，熊熊火焰將整座建物吞噬，橘紅火舌在夜色中狂舞，現場濃煙不斷往上竄升，火勢甚至燒到外側步道，畫面怵目驚心，附近居民見狀紛紛報案，驚嚇表示「整個公園都被照亮」。消防局獲報後，立即派遣第七大隊及中港分隊等共5個單位、各式消防車14輛、消防人員30名，由組長黃世滄擔任指揮官趕赴現場時，土地公廟已陷入全面燃燒狀態，鐵皮屋頂被高溫燒得變形，火焰伴隨噼啪聲不斷往外竄，烈焰甚至從門口、側邊同時冒出，形成一片火海。請繼續往下閱讀...消防人員立即架設水線全力灌救，並同步戒護周邊樹木及公園設施，防止火勢向外延燒，經約12分鐘搶救，火勢於10時50分控制，10時51分完全撲滅，所幸無人員傷亡，據了解，起火建物為一樓磚造鐵皮結構，內部堆放雜物及神像，燃燒面積約10平方公尺，至於起火原因，正由火調人員進一步調查中。駭人烈焰吞噬瞬成火海。（民眾提供）火勢迅速控制撲滅，幸無人員傷亡。（民眾提供）熱門賽事、球星動態不漏接    ,https://news.ltn.com.tw/news/society/breakingnews/5259484
彰化男硬上少女致懷孕引產 判刑7年1月,社會,2025/11/27 09:41,彰化男子與一名未滿14歲的少女交往，竟不顧對方反抗強制性侵得逞，少女因此懷孕並引產，身心嚴重受創。（情境照）彰化一名成年男子與一名未滿14歲的少女交往，竟不顧對方反抗強制性侵得逞，少女因此懷孕並引產，身心嚴重受創。案經彰化地方法院審理，男方雖辯稱雙方為情侶關係且願和解，但法官認定違反其意願強制性交，造成懷孕引產，犯罪情節重大，依《刑法》對未滿14歲女子犯強制性交罪，重判有期徒刑7年1月。判決書指出，被告與女方交往，明知對方年紀小，還對她伸魔掌性侵得逞。事件發生後，是女方家長發現帶她就醫檢查才發現已懷孕，家人報警，警方展開調查，確認男方涉嫌對未成年少女強制性交，並依法移送彰化地方檢察署偵辦。被告在審理時坦承犯行，並透過辯護人表示，雙方是男女朋友關係，案發後深感悔意，願意賠償，但女方家屬無意願調解，也未能達成和解。法官審酌多項證據，認定被告違反女方意願強制性交，且導致她懷孕並須進行引產手術，對其身心造成嚴重傷害。法官指出，被告所為觸犯《刑法》第222條第1項第2款「對未滿14歲之女子犯強制性交罪」，案發時被告已成年，明知對方未滿14歲，身心發展尚未成熟，卻為滿足個人性慾，強制性交得逞，並導致少女懷孕、引產，嚴重侵害其身體自主權與心理健康，犯罪手段惡性不輕，危害嚴重。熱門賽事、球星動態不漏接    ,https://news.ltn.com.tw/news/society/breakingnews/5259467
高雄女騎士未戴安全帽 警攔查「快篩」一測是毒駕,社會,2025/11/27 09:18,女子騎機車未戴安全帽被攔查，並查出涉嫌毒駕。（民眾提供）高雄鄭姓女子（36歲）昨（26）日凌晨3點多騎機車行經鼓山區明華路，因未戴安全帽被巡邏員警攔查，不僅發現手提袋內藏有新興毒品「哈密瓜錠」，員警以唾液毒品快篩試劑檢測，發現依托咪酯、K他命呈陽性反應，當場將人依法送辦。鼓山分局龍華所指出，鄭女因未戴安全帽被員警盤查，警方經鄭女同意檢視手提袋，目視袋內即發現新興毒品「哈密瓜錠」1粒，隨後以唾液毒品快篩試劑檢測為毒品陽性反應，查出鄭女涉嫌毒駕，全案依毒品危害防制條例及公共危險罪嫌，移送高雄地檢署偵辦。請繼續往下閱讀...警方表示，為有效打擊毒駕，警政署律定實施毒品唾液快篩試劑檢測及拒測處置程序，於本月20日正式公告施行。駕駛人如有疑似毒駕、施用毒品跡象，且符合駕駛人自願同意、車禍肇事、現場查獲持有毒品、吸食器等情形，須接受唾液毒品快篩試劑檢測；檢測如呈陽性者，依據《道路交通管理處罰條例》第35條1項2款規定，最高可處12萬元罰鍰、當場移置保管車輛及吊扣駕照1年至2年。員警對鄭女施以唾液毒品快篩試劑檢測，發現依托咪酯、K他命呈陽性反應。（民眾提供）員警在鄭女手提袋內發現1粒新興毒品哈蜜瓜錠。（民眾提供）熱門賽事、球星動態不漏接    ,https://news.ltn.com.tw/news/society/breakingnews/5259447
新北樹林行人違規穿越堤外道 機車騎士撞上身亡,社會,2025/11/27 09:17,賴男違規穿越馬路，莊姓騎士反應不及撞上，車禍釀1死1重傷。（記者徐聖倫翻攝）新北市樹林發生嚴重車禍，昨晚間6時許，35歲莊姓男子騎車行經樹林區大漢溪堤外道，而51歲賴姓男子疑似沒有依照規定隨意穿越馬路，導致莊男反應不及撞上，2人雙雙倒地送醫，而莊姓騎士因傷重不治。據悉，事故發生當下有其他用路人經過，趕緊協助報警，警方、消防趕抵即刻將莊、賴2人送醫。其中莊男傷勢過重，經救治仍未果，而賴男同樣傷勢不輕，雖保住一命，但仍未脫險。請繼續往下閱讀...經抽血檢測，莊男酒測值為0，警方初看事發地，現場並沒有人行穿越道，有目擊用路人指出賴男擅自穿越馬路，此舉已違規，雙方肇責將持續釐清。警方查看現場，並沒有行人穿越道。（記者徐聖倫翻攝）熱門賽事、球星動態不漏接    ,https://news.ltn.com.tw/news/society/breakingnews/5259436
好貴的香蕉！偷割1串代價18萬元,社會,2025/11/27 09:14,陳姓男子拿菜刀到香蕉園偷割一大串香蕉，主人說價值1400元，陳男被判刑6月，易科罰金折合18萬元。香蕉示意圖，與新聞無關。（記者陳鳳麗攝）6旬陳姓男子騎腳踏車經過香蕉園，園內沒有人，便拿菜刀進入割了一大串，拿到鎮上蔬果行出售遭拒，香蕉園主人後來發現失竊報案，警方調閱監視畫面查出是陳男偷割價值1400元的香蕉，由於陳男未賠償，南投地院法官依攜帶兇器竊盜罪，處有期徒刑6月，如易科罰金折合18萬元。60歲的陳姓男子是在4月下旬某日下午4點，騎腳踏車行經位在集集鎮的一處香蕉園，拿著菜刀進入，將1整串香蕉自香蕉樹割下後，置放在腳踏車前方置物籃載運離開。晚間6點半騎腳踏車載運香蕉至鎮內一家蔬果行要販售，吳姓老闆拒買，他即載著香蕉離開。請繼續往下閱讀...香蕉主人隔日發現一整串香蕉遭竊，到派出所報案，警方調閱相關監視器畫面，一路查出是陳男所為，5月4日上午在其住處外找到陳男，也查扣他放在腳踏車上的菜刀。陳男因不能安全駕駛案件，南投地判決判處有期徒刑5月確定，他在去年3月執行完畢出監，因所犯之罪與其構成累犯之前案，罪質不同，法官沒有因此加重其刑，但他帶菜刀行竊，未能賠償蕉農損失，因此近日以攜帶兇器竊盜罪，處有期徒刑6月，如易科罰金折合18萬元。熱門賽事、球星動態不漏接    ,https://news.ltn.com.tw/news/society/breakingnews/5259441
澎湖紅羅垃圾場凌晨再傳大火 煙霧瀰漫飄惡臭,社會,2025/11/27 08:55,湖西紅羅垃圾掩埋場再傳大火，紅紅火光照亮夜空。（澎湖縣政府消防局提供）澎湖縣湖西鄉紅羅垃圾衛生掩埋場，今（27）日凌晨「再」傳大火，在東北季風的助長下，仍持續延燒，煙霧瀰漫已影響鄰近成功橋交通視野，過往車輛請小心行駛，澎湖縣政府環保局已派員監控空氣環境品質，呼籲鄰近聚落民眾禁閉門窗。紅羅垃圾場火勢再起，也凸顯焚化爐興建迫切問題。澎湖縣政府消防局調查指出，今日凌晨1時46分接獲民眾報案指稱，湖西鄉紅羅村垃圾衛生掩埋場廢棄物起火燃燒，請求派遣人車前往搶救。消防局獲報後陸續出動第二大隊、湖西、白沙、西嶼、澎南及馬公等分隊共13車29人前往現場搶救，由大隊長陳永春指揮。請繼續往下閱讀...由於起火處位於掩埋場北側，風力助長向南側延燒，燃燒範圍擴大，為減輕消防人員體力負荷及長時間射水降溫之需，消防局特別出動1具固定式砲塔投入救災，配合現場部署5條水線及環保局4部挖掘機等機具，火勢已大致侷限於掩埋場內，尚無向外延燒之虞，目前消防局已啟動人力輪替機制，刻正全力搶救中。由於火勢煙霧瀰漫，已影響鄰近成功橋交通視野，更有鄰近住戶聞到陣陣惡臭味。澎湖縣環保局指出，由於風向為東北風，火災煙霧將會往下風處飄散，預估可能空氣品質影響範圍為紅羅、西溪、成功、城北、烏茨、興仁等地區，環保局人員持續以五用偵測器監測空氣品質情況。澎湖縣消防局連夜派員灌救，並進行人員輪換。（澎湖縣政府消防局提供）熱門賽事、球星動態不漏接    ,https://news.ltn.com.tw/news/society/breakingnews/5259425
銷毀私菸趁機偷運變賣 岡山焚化廠3員工大賺百萬元,社會,2025/11/27 06:50,岡山垃圾焚化廠蘇姓等雇員，涉嫌侵吞預銷毀私菸變賣，被高雄高分院判刑。（記者鮑建信攝）高市岡山垃圾焚化廠為財政局辦理銷毀違規菸品，受雇蘇姓等3名吊車操作員，從垃圾堆裡挖出私菸變賣，獲利高達上百萬元，被高等法院高雄分院依竊盜罪，分別判處1年4月到1年8月，均獲得緩刑。判決書指出，市府環保局委託民營業者經營的岡山垃圾焚化廠銷毀查扣的菸品，並由對方雇用蘇姓、楊姓及曾姓男子擔任吊車操作員，負責將私菸等垃圾夾入焚化爐燃燒。請繼續往下閱讀...2022年1月到2023年2月間，蘇等人利用準備倒入垃圾坑中銷毀時，涉嫌自垃圾進料斗平台撿走私菸，再用車載離廠區變賣，以每條約200元兜售，不法獲利高達上百萬元。案經廉政署南調組循線查獲後，移送橋頭地檢署法辦，經檢察官偵查終結，依違反貪污治罪條例起訴，但橋頭地院認為蘇等人不具備公務員身分，改依竊盜罪論處，分別判處有期徒刑1年4月至1年8月不等，並審酌蘇等均認罪，予以緩刑3年至4年，期間交付保護管束。檢方不服上訴高雄高分院，合議庭認為原審認事用法，並無不當，判決駁回，尚未定讞。熱門賽事、球星動態不漏接    ,https://news.ltn.com.tw/news/society/breakingnews/5259372
拿走父親簽署土地文件未歸還 男子吃上竊盜官司逆轉判刑,社會,2025/11/27 06:38,林男取走其父簽署建地租賃契約等文件，被高雄高分院改判有罪。（記者鮑建信攝）高市林姓父子到台糖橋頭糖廠辦公室，申請閱覽林父簽署的建地租賃契約等文件後拒絕歸還，地院認為兒子沒有竊盜犯意，認定罪證不足，但高等法院高雄分院審理後大逆轉，改判有罪。判決書指出，2023年3月9日上午，被告林男帶父親到台糖公橋頭糖廠高雄資產辦公室，申請閱覽由林父與甲男共同簽立讓渡書、切結書、建地租賃契約承租名義變更申請書等文件。請繼續往下閱讀...看完後，未依規定歸還，反而把文件帶回家，後因他與甲男因此文件發生糾紛，對方向警方報案，依竊盜罪嫌將他函送橋頭地檢署偵查、起訴。林男應訊指稱，其父坐落在台糖公司土地上房屋，被法院拍賣的案子，還沒處理完畢，高雄資產辦公室就叫其父及甲男提早簽署文件，他覺得這樣不合理，所以才拿走，讓對方暫時無法變更土地承租人。地院認為林男為確保其父權益而帶回文件，主觀上沒有犯意，判決無罪，但檢方不服上訴。高雄高分院調查，該文件為台糖內部保管，林男取走前，曾遭台糖職員制止，他卻執意要拿，認定構成竊盜罪，判處拘役20天，如易科罰金，以1000元折算1日，仍可上訴。熱門賽事、球星動態不漏接    ,https://news.ltn.com.tw/news/society/breakingnews/5259370
獨家》分隊長被爆加入吸金平台拉下線 南市消防局記過、調地送懲戒,社會,2025/11/27 06:04,南市消防分隊長疑遭境外吸金平台吸收，拉同事投資。（記者王捷攝）南市消防局分隊長疑遭境外吸金平台吸收，擔任「榮譽導師」，拉同事加入投資被投訴，傳出有警消被騙了200多萬，賠上退休金，消防局火速啟動調查，記兩小過、調地，並移送懲戒法院，呼籲被害人提供資料，並強調若涉刑法絕對究辦。消防局表示，分隊長是基層消防員出身，原在內勤服務，近年取得分隊長資格後調任外勤，已接近退休年齡，原本高層不曉得他拉同事加入風險投資，直到資金運轉出現問題，被害人向消防局投訴、成立受害者群組，局本部才得知茲事體大。請繼續往下閱讀...據了解，分隊長不只在公開場合分享投資經驗，以低本金、高獲利吸引被害人加入，並鼓勵參與者拉下線才能翻倍獲利，甚至私下成立投資群組，宣稱有穩定配息的基金與固定收益商品，鼓勵同事、義消小額試水溫，再逐步加碼，部分被害人後來因資金壓力吃緊，向消防局投訴，他才急忙將群組關閉，消防局也驚覺基層幹部疑似被高風險平台吸收。該境外平台採多層級推薦制度，強調分享連結就能拿到團隊分潤與獎金，網路上已有許多被害人分享受騙經驗，分隊長也被質疑要求同事拉親友成為下線，再往下拓展投資人數，還傳出有警消同事受害，消防局接獲投訴後，火速交由政風單位調查，對分隊長祭出兩過處分、調整服務單位，昨天彙整相關證據，送交公務人員懲戒委員會審議。警方提醒，近年假投資詐騙常以境外理財平台為名，標榜穩定高配息與低風險，實際運作卻是靠不斷拉人頭擴大資金池，是典型的吸金詐騙，民眾勿輕信高報酬話術，更不要為了推薦獎金牽連親友，避免成為詐騙集團的幫手與下一個被害人。熱門賽事、球星動態不漏接    ,https://news.ltn.com.tw/news/society/breakingnews/5259358
在校內亂傳「女女師生戀滾床單」長舌女大生慘了,社會,2025/11/27 05:55,高雄一所大學的黃姓女學生涉傳述校內C姓女講師與Y姓、F姓女學生是女女師生戀關係，還做成書面向校方檢舉，被台南地院依兩項誹謗罪合併判她8月徒刑。（資料照，記者王俊忠攝）高雄一所大學的黃姓女學生被控涉在校內對其他同學說「C姓女講師與Y姓、F姓女學生有女女師生戀，女師還跟F生滾床單（意指性行為）；C師超邪教，與C師好的學生都是其教徒」，並把C師與Y生女女戀之事向學校性平會提出書面檢舉，C師氣得報警告黃女誹謗名譽。台南地院依誹謗罪判黃女4月徒刑；另散布文字誹謗罪，判刑6月，合併判黃女應執行8月徒刑，得易科罰金，還可上訴。請繼續往下閱讀...判決指出，黃姓女大學生因故對C姓女講師不滿，於2023年1月間起到2024年12月間，在該大學5樓教室外，接續以在場之人都聽得到的音量、向在場同學說「C師與Y姓、F姓兩位女大生是女女戀，她們在一起」、「C師與F生在一起，她們有滾床單（暗指發生性行為）」、「C師超邪教，系上有C師教，跟C師很好的學生都是教徒」等語，以此貶損C師的人格與社會評價。另外，黃女明知C師與Y生並無師生戀關係，她自擬1份「大學校園性別事件申請檢舉調查書」，文中記載「在我還在校時曾與Y姓女同學通話，Y同學跟我說與C師有女女關係，當時Y同學說她因為這件事很受傷」等語，並於2024年12月24日提至該校性別平等教育委員會，供特定多數的性平會委員閱覽。黃女具體指摘、傳述C師與Y生是女女戀關係，同樣貶損C師的人格與社會評價。熱門賽事、球星動態不漏接    ,https://news.ltn.com.tw/news/society/breakingnews/5259339
通訊行掩護賭詐 百人被騙2.6億,社會,2025/11/27 05:30,警方查獲台南一家通訊行掩護詐欺水房與賭場，長期蒐證後攻堅逮捕江姓主嫌等5人，起出名車、帳戶門號資料及毒品。（民眾提供）江姓男子以合法通訊行掩護經營網路賭博據點與詐欺水房，運用假借貸款騙人頭戶購買手機，還賣人頭卡給詐團，一間小小的通訊行，不法金額初估高達兩億六千多萬元，台南地方法院昨天裁定羈押江姓主嫌。還被搜到毒品 店老闆收押今年五月，警方處理轄內通訊行賭債糾紛及妨害自由案時，發現該通訊行實為江男經營的網路賭博據點，由他指揮許姓等下線吸收賭客下注，還另外招募詐欺面交車手、收購金融帳戶與手機門號，組成兼營詐欺、面交與賭博的犯罪集團，報請台南地檢署黃鈺宜檢察官指揮偵辦。請繼續往下閱讀...專案小組歷經約六個月跟監蒐證，本月十一日見時機成熟，會同台南市警保安大隊攻堅，一舉拘捕江男等五人到案。現場除查扣不法所得名車一輛外，還起出多支手機、電腦、硬碟、SIM卡、存摺、信用卡及門號申請書、契約書等犯罪雲端數位跡證，並查獲第二級毒品大麻與第三級毒品咖啡包。警方初步清查，疑遭詐騙的被害人近百人，涉案金額約兩億六千多萬元，全案依違反組織犯罪條例、詐欺犯罪條例等罪嫌移送台南地檢署偵辦。檢察官復訊後聲押江男獲准，後續將持續追查金流、擴大比對被害人名冊。熱門賽事、球星動態不漏接    ,https://news.ltn.com.tw/news/society/paper/1733664
自由日日shoot》韓國瑜當市長時 牙醫教父遭檢舉聘密醫 竟未移送,社會,2025/11/27 05:30,「Abc牙醫聯盟」創辦人謝尚廷，二〇一九年韓國瑜當高雄市長時期就被檢舉聘密醫，但當時只有行政裁罰，未移送檢方偵辦。（取自Abc牙醫網頁）「Abc牙醫聯盟」涉詐領健保五千七百多萬元案，又被查出洗錢逾廿九億元，外界好奇有「牙醫教父」之稱的創辦人謝尚廷如何走上「黑化之路」，知情人士透露，二〇一九年韓國瑜當高雄市長時期一起密醫檢舉案，疑有「政治黑手」介入，當時只有行政裁罰，未移送檢方偵辦，讓謝全身而退，因此走上這條不歸路。二〇〇六年間，在菲律賓馬尼拉東方大學牙醫學系畢業的趙姓女子，依規定在台灣不得實習、執行醫療業務，甚至不具牙醫師國考的報考資格，但卻被謝尚廷聘請在旗下診所替病患洗牙、拔牙；趙女當密醫十四年後，二〇一九年底遭人檢舉，高雄市衛生局介入調查，但弔詭的是，當時的高雄市衛生局僅開出十萬元的行政裁罰，未將全案移送檢調偵辦。請繼續往下閱讀...只有行政裁罰 程序還有暇疵 而謝尚廷在收到衛生局罰單後，提起行政訴訟，法官審理時發現，高雄市衛生局調查時，竟全程無錄音，做完趙女筆錄後就讓她簽名，法官根據相關事證，認定趙女僅是「牙醫助理」，得以從事教導患者套橡皮圈、拉線、幫助醫師支撐印模托等作業，因此認定開罰無據，撤銷罰單。謝尚廷全身而退 密醫愈聘愈多知情人士指出，過去衛生局處理密醫檢舉案，除行政處分外，還會一併移送檢調查辦，但謝尚廷這起密醫案，卻只有行政處罰、沒有刑事追查，而謝尚廷全身而退後，二〇一九年起至二〇二三年開始聘請更多密醫，至少有十七名密醫在旗下十二家診所執業，讓他賺進五千七百多萬元營收；至於當初的密醫檢舉案是否外力介入，讓謝逃過一劫，仍待檢調追查。對此，高雄市衛生局回應，二〇一九年十二月接獲檢舉維泰牙醫診所疑似密醫案，隨即執行無預警稽查，當時依據事證認有違醫師法廿八條之虞、並行政處分當事人及負責醫師，後經當事人不服提起行政訴訟，法院判定「未構成密醫行為」確定。另衛生局於二〇二三年依法再針對鳳山Abc牙醫診進行稽查蒐證，確認其未具牙醫師資格卻從事牙科醫療業務之「密醫行為」明確，於同年三月即主動函送高雄地檢署偵辦，並提起公訴。熱門賽事、球星動態不漏接    ,https://news.ltn.com.tw/news/society/paper/1733661
未成年借貸沒家長同意 無效可免還,社會,2025/11/27 05:30,少年跟對方的借錢條件是5日、10%，相當於5天利息就要3000元。（民眾提供）南彰化一名十四歲國中生疑向地下錢莊借款三萬元，竟遭對方指名道姓PO網及在學校周邊張貼借錢訊息。法界人士說，未成年人屬限制行為能力人，借貸須經家長同意，否則契約效力未定，若家長不承認，錢莊不得依約討債；換言之，若契約因家長不承認而失效，這筆錢可以不用還。環海法律事務所長廖國竣律師指出，未成年國中生屬於「限制行為能力人」，其借貸行為必須獲得法定代理人同意才有效，若父母事後不承認，契約即屬無效。請繼續往下閱讀...廖強調，若約定利率過高，且債權人利用未成年人「急迫、輕率、無經驗」等情放貸，可能構成重利罪。一名合法當鋪業者表示，他們業內普遍遵守「未滿十八歲不放款」原則，即使父母陪同借款，也要嚴格審查資金用途，若非直接用於未成年人的生活費或教育費用，借貸行為同樣可能無效。另有法界人士說，在校園周邊張貼借、還錢「獎狀」，涉嫌違反個人資料保護法，若內容具貶抑、施壓性質，還可能涉妨害名譽或恐嚇等刑責。重利罪可判3年至於刑事重利罪方面，原則上，年利率超過十六％就可能被司法機關認定為重利，如果本案放款五天利率百分之十屬實，且借款人是在家長不知情下進行借貸的未滿十四歲少年，必然已構成重利罪，可判三年以下有期徒刑、拘役或科或併科三十萬元以下罰金。熱門賽事、球星動態不漏接    ,https://news.ltn.com.tw/news/society/paper/1733663
6大賽奪12金5銀 台灣消防科研創紀錄,社會,2025/11/27 05:30,台灣消防員代表我國參加國際發明競賽累計獲得金牌12面、銀牌5面及大會特別獎1項，創下歷年最佳紀錄。（消防署提供）消防署推動消防科技創新，由訓練中心消防科技研發辦公室統籌，代表我國參加今年歐、亞及北美洲六項國際指標性發明競賽，共獲十二金、五銀牌的歷年最佳紀錄。其中在最具代表性的韓國WiC世界創新發明大賽，消防署的「火場救援拖運墊」、「火鳳攻擊包」、「室內電動車滅火系統」及「半身固定搬運背板」（上圖）四項成果榮獲三金一銀，「火鳳攻擊包」更摘下大會最高榮譽特別獎，此為我國消防科研成果首次獲國際最高評審肯定。請繼續往下閱讀...（文：記者陸運鋒）熱門賽事、球星動態不漏接    ,https://news.ltn.com.tw/news/society/paper/1733665
結束中國工廠 資金全數投入 董娘墜股票投資陷阱 遭詐1.6億,社會,2025/11/27 05:30,新竹一名董娘誤信投資股票陷阱，被詐騙一億六千萬元，新竹檢方偵辦聲押五名詐騙集團成員獲准。（資料照）詐團5幹部收押 逮10餘名車手新竹一名董娘誤信投資股票APP陷阱，被騙數千萬元後仍未覺醒，再將中國工廠結束後的資金全數投入，最後發覺不對勁時，已被詐騙一億六千萬元，新竹檢方偵辦聲押五名詐騙集團成員獲准，並陸續逮捕十餘名車手偵辦起訴，董娘則奔波各地法院開庭試圖追回款項。法官調查，董娘前年起誤信臉書投資資訊，遭詐團盯上，以LINE暱稱「千興國際營業員」、群組「財謀天下」等誆稱，可參與「千興」投資APP之會員購買股票投資獲利，要求其依指示匯款至指定帳戶。請繼續往下閱讀...董娘曾一次捧千萬現金交車手此後董娘多次面交或匯款給詐團，最多曾一次捧千萬現金給車手，被騙數千萬元仍不知墜入陷阱。董娘甚至將中國的工廠結束掉，將資金全數投入，總計達一億六千萬元。竹檢據報偵辦，聲押五名詐團幹部獲准，並起訴十餘名取款車手，車手都說收得款項均層轉予上手，藉以隱匿犯罪所得與去向。由於董娘被騙時間頗長、次數與金額都很多，因此光是車手的審理，就幾乎遍佈全國各地方法院，而董娘則忙於奔波於法院，除提出刑事告訴外，也積極提附帶民事求償，累計各地院陸續判賠給董娘的金額，已超過七千萬元，這也表示董娘還有九千萬元受詐的民刑事官司，還要繼續跑全國各地院爭取權益。熱門賽事、球星動態不漏接    ,https://news.ltn.com.tw/news/society/paper/1733734
性侵41國小學童 狼教練判464年,社會,2025/11/27 05:30,台中市去年爆發擔任多所國小棒球隊的某教練，涉對四十一名學童性侵猥褻高達九次，還拍攝三十四段不雅影片，台中高分院昨二審宣判，認為一審認定事實清楚、量刑適當，駁回被告上訴，維持一審對其九十項犯行的原判決，而該教練被判的刑期加總逾四六四年，全案仍可上訴最高法院。台中地院今年七月依七個「對未滿十四歲男子強制性交罪」各處七年十月徒刑；四十六個強制猥褻罪各處三年六月徒刑；三個對兒童乘機猥褻罪各處一年六月徒刑；三十四個「違反少年意願製造性影像罪」各判刑七年二月至八年六月，該教練表示自身成長過程曾遭性侵及猥褻，對性認知有影響，認量刑過重上訴。請繼續往下閱讀...但台中高分隊未採信，認為不足動搖一審判決，昨審結駁回上訴，維持一審刑度；一名被害小球員母親昨聲淚俱下表示，該教練不僅要求小孩對他口交，自己也對小孩口交，真的很噁心，希望能判他死刑，因為擔心他出來後，還握有相關影片恐嚇小孩，希望他永遠不要放出來。☆自由電子報關心您：若懷疑孩童遭受身體虐待、精神虐待或是性侵害、性騷擾，請撥打113專線，透過專業社工員接線服務，將可盡快救援在生命危機中的兒童。☆熱門賽事、球星動態不漏接    ,https://news.ltn.com.tw/news/society/paper/1733699
自由日日shoot》Abc牙醫聯盟聘17密醫 買基金外匯不動產 洗錢29億,社會,2025/11/27 05:30,「Abc牙醫聯盟」診所（大圖）創辦人謝尚廷（右圖）、董事長謝尚人（左圖）兄弟等人涉洗錢29億，遭檢方起訴。（取自Abc牙醫網頁）南部知名連鎖牙醫診所「Abc牙醫聯盟」涉詐領健保五千七百多萬元案，創辦人謝尚廷等廿五人雖獲緩起訴處分，又被檢調查出他涉嫌以「偽造合夥人分紅」、「少開自費收據」方式大賺廿九億元，還透過洗錢手法藏錢，高雄地檢署偵結後依洗錢、詐欺等罪起訴謝尚廷等共廿六人。謝尚廷兄弟等26人 起訴檢方指出，去年底，高雄檢警搜索「Abc牙醫聯盟」診所，約談創辦人謝尚廷（六十二歲）、董事長謝尚人（六十七歲）兄弟等多人，查出聘用十七名海歸牙醫看診，但這些人未在國內取得牙醫師資格，五年來替三萬多人洗牙、拔牙、補牙，累計詐領健保費共五千七百多萬元，謝等人到案坦承犯行，獲緩起訴處分。請繼續往下閱讀...不過，檢察官呂尚恩再查帳冊資料時，意外發現謝尚廷和哥哥、姐姐謝素芬（六十三歲）先在該聯盟內部制訂「醫師一律以現金領薪」、「各診所之自費收入一律繳回予謝素芬保管」、「各診所減少開立自費收據予病患」，隱匿各診所自費收入，再以「醫師一律由聯盟統一申報稅務、一律以執行業務合夥人身分申報所得，並配合開立帳戶交予謝素芬使用」，將實際收入隱匿，更將收入最多的謝尚廷、謝尚人二人所得，分散給其他非實際合夥人身分的牙醫師。逃漏稅高達五億三千萬檢調查出，「Abc牙醫聯盟」旗下共有十二間牙醫診所，從二〇一六年至二〇二三年間至少獲利廿九億元，並以此手法替全體醫師逃漏總額達九億餘元的個人綜合所得稅，其中謝尚廷兄弟檔逃漏稅就高達五．三億餘元。此外，謝家三人為了隱匿資產，以現金存入兩人老婆名下帳戶花用外，更以子女名義成立七家人頭公司，將現金存入人頭公司帳戶，再以公司名義購買基金、外匯等，以及購置不動產回租給旗下診所。謝家兄妹到案後僅坦承聘請密醫，對於洗錢、詐欺部分都否認，九成牙醫師則坦承配合逃漏稅，雄檢偵結後，依洗錢、詐欺等罪起訴謝家三兄妹和廿三名牙醫師、員工；至於先前密醫緩起訴部分，待一審判決有罪後再由檢方聲請撤銷，進行後續偵查。Abc牙醫聯盟聲明，會與律師商議，爭取應有的權利。熱門賽事、球星動態不漏接    ,https://news.ltn.com.tw/news/society/paper/1733660
國中生借3萬高利貸 遭PO網逼債,社會,2025/11/27 05:30,14歲國中生借高利貸被PO網，還張貼海報在學校周邊。（民眾提供）南彰化一名就讀國中的十四歲少年，今年暑假疑似向地下錢莊借貸三萬元未還，對方近來開始追債，除利用網路公佈「小弟弟借錢」照，還製作「借錢獎狀」張貼在學校周邊的街頭電線桿及反光鏡上。逼債PO文引來網友關切，被圍剿後隨即刪文，警方已介入調查，認為若借錢條件「五天利率一〇％」屬實，將究辦重利等刑責。個資還被貼滿學校周邊該少年的「借錢照」上週六被人公佈，原PO疑與地下錢莊有關，PO文提到「將自己辛苦錢奉獻給〇〇〇（少年本人）」，附圖為少年坐在車子內，拿著三萬元本票及借據。貼文一出，網友發現借錢條件「五天，利率一〇％」，相當於借三萬，五天就要還三千元利息，一年下來就要還廿一萬九千元，大罵根本是「吸血鬼」，應該抓去關。請繼續往下閱讀...5天利率10％一年要還近22萬PO文者發覺透過網路製造壓力的追債手法弄巧成拙，立即刪文，但少年就讀的國中週邊電線桿、反光鏡等處，卻被貼滿「借錢獎狀」，上面寫著「台中、彰化區市民某某參加114年度借錢不還，榮獲國家隊冠軍，特頒此狀以資鼓勵」，使用「獎狀」字眼看似正面，實則也是將欠錢一事公諸於眾的施壓手法。警方調查認為，不排除是地下錢莊所為。中輟生家庭無輕濟問題校方通知家長啟動關懷校方表示，該少年家庭並無經濟問題，少年是中輟生，經常不到校上課，個性好動，生活作息不正常，已多次與家長討論其狀況，日前透過網路訊息得知借貸事件後，立即啟動關懷機制，確認學生安全無虞，並同步通知家長共同處理。校方說，家長知悉孩子借錢情形，已與對方聯繫處理後續事宜。警方人士說， 三萬元本票與借五天一〇％的高利率，恐已涉及刑法第三四四條重利罪；此外，張貼個資海報，在網路公佈當事人姓名，也違反個人資料保護法。熱門賽事、球星動態不漏接    ,https://news.ltn.com.tw/news/society/paper/1733662
香港宏福苑5級大火延燒　至少36死279失蹤,社會,2025/11/27 02:54,香港新界大埔「宏福苑」大樓昨天下午爆發大火，延燒社區多棟大樓，目前火勢仍未撲滅。香港行政長官李家超今天表示，已造成至少36人死亡，另有279人下落不明。法新社報導，李家超在今天記者會中指出：「截至目前，這場火災已導致36人喪生，29人住院，其中7人情況危急。另外還有279人失蹤。」請繼續往下閱讀...中央社駐香港記者報導，火災地點為大埔宏福苑，已有42年歷史，屋苑有8幢樓合計1984個住宅單位；火警發生前，屋苑正進行外牆維修，所有大樓外牆因此搭上了竹棚（鷹架） 。昨天下午3時許，有人看到某幢大樓的竹棚起火，由於風大，大火很快蔓延其他大樓的竹棚，並觸發大量住房內部起火 。消防處表示，要等待大火撲滅後，才能評估遭焚燒的住房數量。宏福苑大火已列為5級火災。香港火警分為1至5級，5級為最嚴重。（編譯：紀錦玲）1141127熱門賽事、球星動態不漏接    ,https://news.ltn.com.tw/news/society/breakingnews/5259349
香港大樓大火迄今13死30傷　焚燒9小時未撲滅,社會,2025/11/27 00:30,香港新界大埔一個屋苑今天下午3時左右發生大火，8幢大樓之中有7幢大樓起火，許多住房遭焚；截至晚上11時，大火已焚燒了約9個小時，仍未被撲滅，迄今造成13人死亡和30人受傷，其中6人危殆。發生火災的屋苑為大埔宏福苑，已有42年歷史，屋苑有8幢樓合計1984個住宅單位；火警發生前，該屋苑正進行外牆維修，所有大樓外牆因此搭上了竹棚（鷹架），方便工人維修。請繼續往下閱讀...下午3時左右，有人看到某幢大樓的竹棚起火，由於風大，大火很快蔓延其他大樓的竹棚，並觸發大量住房內部起火；也有居民表示，看到某幢大樓內的一個垃圾房首先起火。消防處表示，要等待大火撲滅後，才能評估遭焚燒的住房數量。大火發生後，行政長官李家超已啓動緊急事故監察及支援中心，聽取保安局和消防處匯報，並指示相關部門全力做好滅火和救援救治工作。目前已有700名居民入住政府臨時設立的庇護中心，李家超晚上到了其中一個庇護中心視察，稍後再到醫院探訪傷者。香港火警分為一至五級，五級為最嚴重。香港上一次的五級大火發生於2008年，當年旺角嘉禾大廈起火，造成4人死亡；另一場造成嚴重嚴重死傷的五級大火，是1996年11月20日油麻地嘉利大廈大火，造成41人死亡，80人受傷。（編輯：陳正健）1141127熱門賽事、球星動態不漏接    ,https://news.ltn.com.tw/news/society/breakingnews/5259332
剛領普發1萬、車禍斷手都衝來賭 淡水無照茶室賭場被抄了,社會,2025/11/27 00:11,淡水分局破獲藏身無照茶室的職業賭場，將賭客、賭場嫌犯帶回偵訊。（記者吳仁捷翻攝）新北市淡水一間無照茶室被取締，從陪酒生意轉型賭場，吸引大批賭客參賭「十八豆仔」，警方深夜搜索攻堅，逮捕2名賭場主嫌及8名賭客，查扣賭資、抽頭金達150萬元，賭客中不乏剛領取普發1萬元、甚至車禍摔斷手，都賭性堅強到場賭一把，輸錢還被抓。淡水警分局日前接獲情資，淡水中山路巷內無市招茶室出入複雜、門禁森嚴，只有熟客能進入，以俗稱「十八骰仔」聚賭。警方多日蒐證、確認，向士林地檢聲請搜索票獲准，23日深夜11點左右出動優勢警力搜索。請繼續往下閱讀...員警衝入賭場時，77歲陳姓婦人與53歲曾姓女子正在做莊，賭客們見警上門嚇得逃竄，但所有出口都被控制住，警方當場查扣骰子77顆、1個賭具碗公、監視器主機及鏡頭，賭資150萬餘元（抽頭金14萬餘元）。警方清點、盤查過程中，發現8名賭客中有兩人特別引人注意，65歲楊姓男子當天剛領普發1萬，直奔賭場「試手氣」；62歲林姓男子車禍摔斷左手，傷勢仍未癒合，照樣右手擲骰賭博，兩人「賭性堅強」讓警方看了也搖頭。初步調查，茶室無照營業，仍設置視聽設備、販售酒類；為躲避查緝，特別在前後門架設監視器，監控外部動靜、管制人員出入，仍被警方掌握一網打盡。2名負責人依賭博罪移送士檢署偵辦，8名賭客依社會秩序維護法裁罰。淡水警分局統計，今年迄今已取締14家無照茶室，累計裁罰66萬元，其中2家更被新北市政府執行斷水斷電。無照茶室易成治安死角，衍生各類違法風險，警方將持續結合第三方警政，加強查察可疑營業場所，絕不容許非法行為危害社區治安。男子車禍摔斷手也來賭。（記者吳仁捷翻攝）淡水分局查扣現金等證物。（記者吳仁捷翻攝）熱門賽事、球星動態不漏接    ,https://news.ltn.com.tw/news/society/breakingnews/5259326
關掉工廠投資股票被騙1億6000萬 新竹董娘全台開庭拚追回款項,社會,2025/11/26 23:28,新竹董娘墜股票投資陷阱，遭詐1億6000萬鉅款。（情境照）新竹1名董娘阿惠（化名）誤信投資股票APP陷阱，陸續被騙數千萬元後，仍未覺醒，再將中國的工廠結束後的資金全數投入，最後發覺不對勁時，已被詐騙1億6000萬元。新竹檢方積極偵辦聲押5名詐騙集團成員獲准，阿惠則奔波各地法院開庭、試圖追回款項。法官調查，阿惠於112年起誤信臉書投資資訊，遭詐團盯上，以LINE暱稱「千興國際營業員」、群組「財謀天下」等誆稱，可參與「千興」投資APP會員購買股票投資獲利，要求依指示匯款至指定帳戶，阿惠多次面交或匯款給詐團，最多曾一次捧1000萬現金給車手，被騙數千萬元仍不知墜入陷阱。請繼續往下閱讀...後來詐團又以投資股票保證獲利，但須支付獲利一定比例始能出金，又佯稱「大家要清算分潤金給千興老師，要不然不會出金」等語，阿惠甚至將中國的工廠結束掉，將資金全數投入，總計達1億6000萬元。新竹檢警據報後立即偵辦，檢察官陸續聲押5名詐團幹部獲准，並起訴多名取款車手，由於阿惠被騙時間頗長、次數與金額都很多，因此光是車手的審理，就幾乎遍佈全國各地方法院，而阿惠則忙於奔波法院，除提出刑事告訴外，也積極提附帶民事求償，累計全國各地院判給阿惠的金額，已經超過7000萬元，這也表示阿惠還有9000萬元受詐的民刑事官司要跑全國各地院。據了解，辦案人員曾經私下問阿惠，被騙1億6000萬元鉅款的感覺是否會很痛，她只是淡淡地說「我以前買東西都沒在看價錢的，但是被騙以後，最多就是會看一下價格。」讓辦案人員充分感受到這貴婦董娘的實力與霸氣。熱門賽事、球星動態不漏接    ,https://news.ltn.com.tw/news/society/breakingnews/5259316
驚！高雄78歲翁暗夜駕車失控 撞破店家鐵皮屋,社會,2025/11/26 22:22,楠梓區一家烤地瓜店家，突遭一部豐田轎車撞破鐵皮圍牆。（讀者提供）高雄市楠梓區德民路巷口一家烤地瓜店家，今天晚間8時許，突遭一部豐田轎車撞破鐵皮圍牆，店主驚嚇外出查看，駕駛為78歲盧姓男子，幸無人受傷，事故原因待警方調查釐清。警方表示，今晚間20時許，楠梓警分局獲報在楠梓區德民路某巷弄口發生一起汽車不慎碰撞鐵皮屋事故，78歲盧男駕駛自小客車自私人停車場駛出時，撞破由鐵皮屋搭建的烤地瓜店家，致店家鐵皮圍牆及部分物品損壞，所幸現場無人受傷。請繼續往下閱讀...肇事的盧男自己也受到驚嚇，一時也說不清楚為何失控撞上店家，事故原因待警方進一步調查。鐵皮圍牆被撞破大洞。（讀者提供）熱門賽事、球星動態不漏接    ,https://news.ltn.com.tw/news/society/breakingnews/5259284
11/26 今彩539頭獎開4注！600萬獎落桃園、台中、台南,社會,2025/11/26 22:13,11月26日開獎的第114000286期今彩539頭獎開出4注。（台彩提供；本報合成）11月26日開獎的第114000286期今彩539頭獎開出4注，由桃園市八德區大同里廣福路100號1樓「富之餘彩券行」、台中市北屯區三光里北屯路295號1樓「樂穎彩券行」、台南市官田區隆本里勝利路250號1樓「旺旺來彩券行」、台南市新營區王公里中正路140之1號1樓「金中獎彩券行」開出。第114000286期今彩539中獎號碼為「07、13、26、28、34」，頭獎開出4注，每注可得600萬元；貳獎共358注中獎，每注可得2萬元；參獎共1萬157注中獎，每注可得300元；肆獎共9萬2586注中獎，每注可得50元。請繼續往下閱讀...第114000286期39樂合彩中獎號碼為「07、13、26、28、34」，四合共31注，每注可得21萬2500元；三合共688注中獎，每注可得1萬1250元；二合共1萬8702注中獎，每注可得1125元。第114000286期3星彩中獎號碼為「353」，壹獎共101注中獎，每注可得5000元。第114000286期4星彩中獎號碼為「7415」，壹獎共11注中獎，每注可得5萬元。確切中獎號碼以台彩網站公告為主，請見「台灣彩券網站」。今彩539、39樂合彩、3星彩、4星彩中獎號碼。（擷取自台彩官網）熱門賽事、球星動態不漏接    ,https://news.ltn.com.tw/news/society/breakingnews/5259272
夜市買甜甜圈竟是偽鈔 慣犯出獄不悔改判刑6年6月,社會,2025/11/26 21:33,柯男出獄後又重操舊業，涉嫌製作偽鈔消費行騙，被高雄高分院重判。（記者鮑建信攝）高市柯姓男子曾因製作偽鈔等案，被判刑7年多，出獄後又重操舊業，持500元假鈔在夜市消費，被高等法院高雄分院依違反妨害國幣懲治條例，判處徒刑6年6月。判決書指出，2024年4月間，被告柯男在高雄市前鎮區租處，涉嫌以彩色影印機，將500元紙鈔正反面複印至紙上，再以裁紙機裁切後，用筆刷沾指甲油塗抹在紙鈔上的正反面防偽線上。請繼續往下閱讀...同月11日晚上，柯男持偽造假鈔，到鳳山區青年夜市購買炸雞甜甜圈，葉老闆並找回410元予柯後，發現是偽鈔被騙上當並報警處理。5月14日下午，警方前往柯住處搜索，查扣偽造500元紙鈔成品68張、半成品1786張及製作器材，全案依違反妨害國幣懲治條例，移送高雄地檢署偵查起訴。高雄高分院調查，柯男早年曾因製作偽鈔，被判刑7年2月，出獄後不知悔改，但審酌他認罪，仍然判處有期徒刑6年6月，尚未定讞。熱門賽事、球星動態不漏接    ,https://news.ltn.com.tw/news/society/breakingnews/5259241
逼國中生還3萬PO照揭「5天利率10％」 彰化地下錢莊慘了,社會,2025/11/26 21:23,地下錢莊成員PO小明的借錢照，意外揭露借錢條件是5日利率10%。（民眾提供）南彰化一名年僅14歲的國中生（化名小明），今年暑假疑似向地下錢莊借貸3萬元未還，對方近來開始追債，除利用網路公布「小弟弟借錢」照，還製作「借錢獎狀」張貼在街頭電線桿及反光鏡上。成員網路逼債之舉「大翻車」，警方已展開調查，而最關鍵的「重利罪」部分，地下錢莊成員PO文露餡，「5天，利率10%」，相當於借3萬、5天就生3000元利息，1年就要還21萬9000元。請繼續往下閱讀...此案係地下錢莊成員利用網路PO「小弟弟借錢照」，雖然PO文只寫「本人辛苦工作，全部奉獻給○○○（小明本名）」，似在逼小明還錢，而照片中露出借錢條件，借3萬，「5天，利率10%」，小明還捺下指印。一名網友發現此關鍵，大罵「吸血鬼」、「抓去關」，再看小明一臉「稚嫩」的臉龐，網友發覺此案「不單純」，竟然借錢給尚未成年的國中生，原PO馬上刪文。網友截圖公審原PO，自證「超級豬隊友」。環海法律事務所長廖國竣律師指出，國中生屬於「限制行為能力人」，其借貸行為必須獲得法定代理人同意才有效，若父母事後不承認，契約即屬無效。他強調，若約定利率過高，且債權人利用未成年人「急迫、輕率、無經驗」等情形放貸，就可能構成重利罪。一名合法當鋪業者表示，他們業內普遍遵守「未滿18歲不放款」原則，即使父母陪同借款，也需嚴格審查資金用途，「若非直接用於未成年人的生活費或教育費用，借貸行為同樣可能無效」。14歲國中生欠地下錢莊3萬被逼債 疑遭在電線桿貼「借錢獎狀」熱門賽事、球星動態不漏接    ,https://news.ltn.com.tw/news/society/breakingnews/5259226
18分鐘搬光無人泡麵店10桶配料、3包食材 台南阿姨被抓包才付錢,社會,2025/11/26 21:22,陳姓婦人18分鐘掃走吾人麵店的10桶配料3包食材與10包泡麵都沒付錢，隔天撬電子鎖，事後付3825元，仍因竊盜與毀損挨判罰金拘役。（資料照）陳姓婦人先到無人自助泡麵店分3趟、在18分鐘內，掃光店家10包泡麵、10桶配料，外加3包食材，還沒付錢，隔天又撬開店家門鎖聲稱要煮麵吃，店家連兩天被騷擾提告，陳婦被抓到後，賠償店家等價損失，因竊盜被判1萬2000元罰金、緩刑，毀損部分則是拘役20天。陳婦在去年5月間，趁無人泡麵店沒人看管，從貨架與冷藏櫃拿走韓國不倒翁泡麵10包，以及泡菜、牛蒡絲、海帶芽、黑輪、年糕、小肉丁、高麗菜等配料，合計18桶配料，通通沒到櫃台結帳就離開。請繼續往下閱讀...店家清點備料時發現數量明顯不對，少了約3825元，調閱監視器畫面才看出同一名婦人分次把食材端走於是報案。警方循線通知陳婦到案，她在警詢、偵查及法院訊問時都坦承犯行，並在判決前把3825元全數返還，法院認為她首次涉犯竊盜，又已賠償損失，依竊盜罪判罰金1萬2000元，得以1日折算1000元易服勞役，並宣告緩刑2年。不過，司法紀錄也顯示，陳婦在竊走食材隔天下午，又回到無人泡麵店門口，拿螺絲起子撬店門電子鎖，當場將電子鎖撬壞。她辯稱只是想進去煮麵給家人吃，沒有成功打開門，但監視畫面與損壞照片都證實電子鎖遭破壞，法院依毀損罪另判拘役20日，可用罰金折抵。法官審酌陳婦個人條件與犯後表現，認為她為了市價不到4000元的泡麵食材，分3趟掃走18桶配料和10包泡麵，隔天又把店門電子鎖撬壞，最後換來竊盜與毀損兩條刑事判決，只能用罰金、拘役與緩刑紀錄。熱門賽事、球星動態不漏接    ,https://news.ltn.com.tw/news/society/breakingnews/5259239
新北殯儀館遺體冷藏室集體收賄 25公務員收1735萬起訴,社會,2025/11/26 21:22,新北地檢署依違反貪污治罪條例起訴殯儀館遺體冷藏室葉姓領班等25人。（資料照）部分殯葬業者為求亡者大體進館、防腐、縫補、淨身、著裝、化妝、入殮等業務順利，涉嫌於入出館之際，以每次500元至2000元現金，向新北市殯葬管理處殯儀館遺體冷藏室葉姓領班等25名臨時或約僱人員行賄，從2015年至2023年8年多來，合計行賄金額高達1735萬元，這25人都認罪，新北地檢署依違反貪污治罪條例起訴；業者部分，涉案共40人均獲緩起訴。檢廉調查，葉姓領班等人負責遺體洗身、化妝、著裝、大殮等工作，而新北市殯葬處冷藏室每日工作勤務班有甲班（大殮）、乙班（接屍）、丙（機動）、夜班，每班3人，其中1人為班長，另有若干專責化妝工作，葉是這些公務員中的領班。請繼續往下閱讀...檢廉調查，部分殯葬業者是因希望亡者大體進館、防腐、縫補、淨身、著裝、化妝、入殮等業務順利，或希望殯儀館冷藏室公務員在大體進館後，能立即代為淨身、著裝、化妝、整理儀容等原因，而以每次500元至2000元不等金額行賄。檢廉調查，這些賄賂通常由各班班長統一保管，班長會在每日或每4日下班前，在沒有裝設監視器的休息室或其他約定地點，分給班員；從2015年至2023年1月，8年多來，業者總計行賄金額高達1735萬餘元，每名公務員收賄金額最低從3萬9千元起跳，最高則有223萬餘元。偵辦時，這25人均自白犯罪，檢方依公務員對於職務上行為收受賄賂罪嫌將他們起訴，並以他們偵查中自白，若其等主動繳交全部犯罪所得時，請依法減輕其刑。檢廉偵辦新北市殯儀館集體收賄案，也曾發現火化場席姓領班等21名公務員收賄，金額高達3053萬餘元，一審新北地院審酌這21人均認罪，全數繳回犯罪所得，除依貪污治罪條例及刑法59條減刑後，判處21人1年9月至2年不等徒刑，有20人獲得緩刑，1人因有前科未獲緩刑；上訴二審後，21人均獲緩刑。熱門賽事、球星動態不漏接    ,https://news.ltn.com.tw/news/society/breakingnews/5259229
北市清潔隊員拒收「黑袋裝回收物」遭辱罵恐嚇 警方出手了,社會,2025/11/26 20:59,資源回收車的清潔隊員遭民眾恐嚇，警方到場處理。（記者姚岳宏翻攝）台北市有清潔隊員21日拒收「黑袋裝回收物」，竟遭辱罵，甚至揚言打人，台北市議員林珍羽昨天在議會聲援清潔隊員，呼籲環保局增設更多機制保護基層隊員。警方今天（26日）說，已受理報案，將通知當事人到案說明，依恐嚇、公然侮辱、妨害公務等罪嫌送辦。「清潔隊大小事」臉書社團日前流傳中山區清潔隊員遭辱罵、恐嚇影片，市議員林珍羽質疑，台北市竟然沒有機制保護辛苦的基層人員。她建議，環保局應該要增加行政罰，如修訂台北市自治條例等，也應該讓各組配戴密錄器等。請繼續往下閱讀...轄區中山分局民權一派出所說，本月21日晚間7時29分，於吉林路435號，民眾陳男因以黑色塑膠袋包裝資源回收物和分類問題，遭清潔隊隊員陳員勸阻不聽，當場朝資收車丟撒資收物、出言侮辱及揚言攻擊陳員。後續陳員到民權一派出所提出恐嚇、公然侮辱、妨害公務告訴，分局將通知相對人到案，詢後移送台北地檢署偵辦。熱門賽事、球星動態不漏接    ,https://news.ltn.com.tw/news/society/breakingnews/5259216
手刀對獎！11/26 今彩539、3星彩、4星彩獎號出爐,社會,2025/11/26 20:44,今彩539、39樂合彩開獎號碼。（擷取自三立iNEWS《全民i彩券》）今天（11月26日）台彩各項開獎獎項及獎號。今彩539：07、13、26、28、34。請繼續往下閱讀...39樂合彩：07、13、26、28、34。3星彩：353。4星彩：7415。確切中獎號碼以台彩網站公告為主，請見「台灣彩券網站」。3星彩開獎號碼。（擷取自三立iNEWS《全民i彩券》）4星彩開獎號碼。（擷取自三立iNEWS《全民i彩券》）熱門賽事、球星動態不漏接    ,https://news.ltn.com.tw/news/society/breakingnews/5259205
新北高職女遭學長拿刀割髮、拖下樓 疑加害者發文反控她找流氓,社會,2025/11/26 20:22,新北某高職一名高一女學生在校內與互不相識的高三學長碰撞，沒想到學長當眾對她叫囂、拿美工刀割她頭髮，還將她從3樓硬扯到1樓，造成被害人身上多處瘀青。（圖翻攝自臉書「我是新莊人許明偉」）近日新北某高職傳出校園霸凌事件，一名高一女學生在校內與互不相識的高三學長碰撞，沒想到學長當眾對她叫囂、拿美工刀割女學生的頭髮，還將她從3樓硬扯到1樓，造成被害人身上多處瘀青。事後一名疑似加害人的網友在社群PO文喊冤，宣稱是學妹多次挑釁，還找流氓找碴，他不能接受「肇事者變受害者」。不過其貼文曝光反遭一面倒撻伐，稍早貼文似乎已經下架。臉書粉專「我是新莊人許明偉」團長許明偉在臉書披露這起校園霸凌案，事發於本月24日，就讀新北一間高職的高一女學生，當天在學校不小心與高三學長碰撞，結果對方情緒失控，先是在走廊對她大吼，接著強硬拽著她從3樓一路拖到1樓，然後拿美工刀強行割她的頭髮。據許明偉轉述，女學生當下害怕到全身都在抖，只記得自己一直哭，一直說不要，但根本掙脫不了。請繼續往下閱讀...後續家長帶女兒去就醫、驗傷，許明偉也陪同他們去報案，「我們明確跟警方說，請依強制罪、傷害罪方向受理，必要時調閱校內監視器，還原整個過程」。另外，加害的男學長家屬宣稱，孩子有憂鬱症、躁鬱症，希望能夠多體諒，對此許明偉直言，「精神疾病需要被尊重、被治療，但不會變成傷害別人的免死金牌。有病要治，傷害人要負責。我們不是要把一個年輕人打死定罪，但也絕對不能讓被害人一家默默吞下去。」網友看完紛紛氣炸，「有憂鬱症要體諒，那這樣被打的活該嗎？」、「絕對不要就這樣算了，憑甚麼因為加害方有躁鬱症、憂鬱，受害者就要體諒」、「校園暴力不能姑息！」、「太可惡了！一定不能讓那位施暴的同學這麼輕鬆的過」、「加害者真的很可惡，一定要告到底！」、「支持依法辦理，無法無天了嗎」。不過之後有疑似學長的網友在Threads上發文，宣稱事發當下學妹撞到他時發出一聲「嘖」還瞪他，雙方因此爆發口角，但因為2人都有熟識的朋友，想說不再追究。但下課後他又遇到學妹，對方訕笑他，讓他相當生氣，情緒徹底爆發，才對學妹嗆聲。當天有朋友還跟他說，學妹好像有找流氓放學堵他，讓他備感威脅，於是跑去學妹班上質問，將學妹桌子的東西全部掃落，拿剪刀剪下一撮劉海，將對方拖下樓，直到其他師生介入，雙方才分開，他也驚覺情緒失控，主動到學務處自首。他還說，校門口當天確實聚集數十名混混，可能就是要放學堵他。學長表示，他發文不是要幫自己洗白，他知道動手就是不對的，他也有跟學妹道歉了，他是希望大家能夠了解事情全貌，「怎麼會把肇事者變受害者？搞不清楚緣由的網友，憑什麼肉搜我？因為會吵的孩子有糖吃？還是做賊的喊抓賊？哪一個正常的學生會認識一群流氓？撞到人說對不起，不是小一學生都懂的生活與倫理嗎？」貼文曝光後，還是有大批網友撻伐，如今已經找不到原文，似乎已經被下架。而該名網友所述，與許明偉當初披露的細節有不少出入。而許明偉今天（26日）更新進度，稱加害的學長早前就曾在社群發文，撂人去打學妹、把學妹弄到退學，還在上面用很難聽的字眼辱罵人，看來事情就有預謀犯罪的跡象，「更扯的是，他們還在網路上PO出受害女生的照片、揪人要去教訓她。因為受害的女孩子是未成年，我們不方便把她的照片或相關畫面公開，只能把截圖和資料整理好，交給警方和相關單位處理。」熱門賽事、球星動態不漏接    ,https://news.ltn.com.tw/news/society/breakingnews/5259067
士林8旬翁走斑馬線遭公車撞死 失智妻目睹悲劇卻難還原過程,社會,2025/11/26 19:51,楊姓老翁被公車撞倒後送醫不治。（記者王冠仁翻攝）8旬楊姓老翁今天下午與患有失智症的妻子一起步行外出，經過台北市士林區一處路口時，兩人一前一後走在行人穿越道上，但當時一輛公車在該路口要轉彎，陳姓公車司機疑似因為視線死角沒有注意到他，轉彎後不慎撞倒他並將其捲進車底，他被救出時命危，送醫後不治。楊妻雖然目睹一切，卻因失智症狀無法還原案發過程，令承辦員警也感到相當鼻酸。台北市消防局在今天下午4時21分接獲報案，民眾聲稱在中正路和延平北路五段的交叉路口發生一起公車與行人擦撞的車禍。消防員到場救援，發現老翁被捲入公車車底，消防員將其救出時已經失去呼吸心跳，緊急送往醫院救治，但仍於下午5時45分宣告不治。請繼續往下閱讀...警方調查，當時陳姓司機駕駛的紅15公車，沿中正路東往西方向，要右轉延平北路6段時，疑因視線死角，不慎撞上沿路口北側行人穿越道東往西行走的87歲楊姓老翁。警方說，陳姓司機事後酒測，酒測值為0，他聲稱當時行經路口有停讓，確認路口無人後才起步，沒想到起步過彎後看到路人不停招手、示警，他這才發現撞到人。警方除了將他依過失致死罪嫌送辦，也正在進一步釐清肇事原因。據悉，楊男與妻子就住在車禍地點附近，當時楊男與妻子一起步行外出，兩人一前一後走在行人穿越道上過馬路，沒想到走在前方的楊男被公車撞倒。楊妻目睹丈夫被撞，立刻上前查看，但事後警方詢問楊妻車禍過程時，她卻因失智症狀無法完整表達。士林分局呼籲，行經行人穿越道應暫停讓行人先行通過，警方將持續加強未禮讓行人取締，以維護用路人安全。台北士林公車撞行人！ 1人遭捲入車底命危送醫搶救楊姓老翁被公車撞倒後送醫不治。（記者王冠仁翻攝）楊姓老翁被公車撞倒後送醫不治。（記者王冠仁翻攝）熱門賽事、球星動態不漏接    ,https://news.ltn.com.tw/news/society/breakingnews/5259168
狼教練染指41童》20年前緩刑後變本加厲 被害家屬淚求判死,社會,2025/11/26 19:44,台中松姓狼教練性侵小球員今天二審宣判駁回上訴，一位被害球員媽媽（左）聲淚俱下痛斥松男毀了小孩的人生，希望能判死刑。（記者廖耀東攝）擔任多所國小棒球隊的松姓教練，涉對41名學童性侵、猥褻高達90次，還拍攝至少34段不雅影片，台中高分院今二審宣判，認為一審認定事實清楚、量刑適當，駁回上訴，維持一審對其90項犯行的原判決，分別判1年6月至8年6月不等刑度；不過一名被害球員媽媽今天出面聲淚俱下，痛斥松男行為毀了小孩一生，希望能判他死刑。37歲松男於2004年就先後猥褻3名男童，因坦承犯行及賠償和解，法官認為他「已獲教訓，當知警惕而無再犯之虞」，依對未滿14歲少年犯強制猥褻罪輕判2年、緩刑5年而免入獄，不料時隔多年後變本加厲，台中地檢署指揮警方去年11月21日查緝時，他一度畏罪開車逃到山區，還企圖輕生仍被捕獲。請繼續往下閱讀...台中地檢署以松嫌有反覆犯罪疑慮等理由，聲請羈押禁見獲准並將他起訴，調查發現，松男自2018年至2024年10月為止，擔任某國小棒球隊教練期間，濫用學童信任伸出狼爪，總共有41名學童受害、合計被侵犯90次，其中還拍攝34部性影像，犯罪地點包括國小宿舍、路邊、高中宿舍浴室、澎湖民宿、台東飯店、教練車上、棒球教室、棒球隊休息室等14處，其中多次利用到外地比賽、交流或訓練的機會犯案。台中地院今年7月一審宣判，依7個「對未滿14歲男子強制性交罪」，將他各處7年10月徒刑；46個強制猥褻罪各處3年6月徒刑；3個對兒童乘機猥褻罪各處1年6月徒刑；34個「違反少年意願製造性影像罪」各判刑7年2月至8年6月，松男覺得太重上訴二審，台中高分院今審結宣判，駁回上訴，維持一審刑度。一名被害球員母親，今天下午由民眾黨台中市議員江和樹陪同出面受訪，聲淚俱下表示，松教練不僅要求小孩對他口交，自己也對小孩口交，真的很噁心，覺得還是判太輕，希望能判他死刑，因為擔心他出來後，還握有相關影片恐嚇小孩，他的所作所為已經毀了小孩的人生，希望他永遠不要放出來。淫魔教練染指41童判464年！上訴牽拖幼時遭性侵 二審駁回理由曝熱門賽事、球星動態不漏接    ,https://news.ltn.com.tw/news/society/breakingnews/5259159
2蒙古女扒手九份鎖定日本觀光客  犯案3起基檢火速起訴,社會,2025/11/26 19:20,蒙古籍女子紹倫高、圖雅11月第二度來台觀光，在九份阿妹茶坊扒竊日本觀光客。基隆地檢署查出2人在九份共犯3起扒竊觀光客案，今將2女依涉犯竊盜罪起訴。（資料照）蒙古籍女子紹倫高、圖雅2人以觀光名義來台旅遊，多次在全台各景點扒竊，被我國警方鎖定。新北市瑞芳警分局本月在紹、圖2女扒竊日本觀光客皮夾後，15日循線逮到2人。基隆地檢署查出紹、圖2女一共在瑞芳九份犯下3起扒竊日本觀光客，今（26日）偵結，將紹、圖2女依竊盜罪嫌起訴。起訴指出，42歲的紹倫高、50歲的圖雅，今年8月間以觀光名義申請來台，在瑞芳區九份阿妹茶坊，扒竊日本觀光客身上皮夾，皮夾內有5000元台幣與5萬元日幣。請繼續往下閱讀...今年11月間，紹、圖2人再次以觀光名義申請來台，14日又到九份老街旅遊，下午5時許，先在阿妹茶坊扒竊日本觀光客皮夾，得手5700元台幣與4萬元日幣；1小時後，又對另名田姓日本觀光客下手，扒走內有台幣2800元、4萬元日幣與6張信用卡皮夾。警方接獲田男報案後，隔日循線拘提紹、圖2女到案，在2人身上查扣被害人財物等贓物。檢察官偵訊後，認定2女有逃亡、反覆實施之虞，向法院聲請羈押獲准。檢察官調查時，紹、圖2女否認扒竊，檢方依監視器拍到紹、圖2女扒竊觀光客經過等證據，起訴紹、圖2女竊盜罪。熱門賽事、球星動態不漏接    ,https://news.ltn.com.tw/news/society/breakingnews/5259136
上海南芯半導體違法登台3人起訴 高層私訊「台灣風聲鶴唳」成鐵證,社會,2025/11/26 19:10,上海南芯半導體公司在台租辦公室招募工程師，經理私訊「承租辦公室越低調越好，不要租商辦大樓，台灣風聲鶴唳…3月10幾號時有8家公司都被調查了」，成為檢方起訴鐵證。（路透，本報合成）於中國半導體界頗具規模的上海南芯半導體科技公司，張姓人資副總涉嫌與台灣區林姓經理、以及香港唯拓高科技公司李姓經理，共同在未經許可情況下於台設立營業據點，並自2022年起在台北市內湖區租用辦公室，招募台灣工程師並從事晶片銷售業務。士林地檢署偵查終結後，認定3人違反兩岸人民關係條例，依法提起公訴。檢方調查，張女自2022年4月起擔任南芯公司人資副總，林男為公司在台實際負責人，統籌業務運作；李男雖名義上為唯拓高科技代理商經理，實際上與南芯公司緊密配合，負責晶片銷售與客戶維護。請繼續往下閱讀...檢方指出，3人明知依相關法令，未經經濟部投資審議司核准，不能在台設立分公司，仍由林男出面在內湖瑞光路租下隱密辦公室，該處不僅設置實驗室，還進行晶片測試、除錯及售後服務，以低調方式在台營運。起訴書也提及，張等3人為規避查緝，因此南芯公司招募工程師時，刻意透過新加坡BIPO公司簽訂人力派遣合約。張女等人與工程師談妥薪資後，由BIPO公司代為以美金匯款至員工外幣帳戶，製造員工受僱於外商的假象，切斷與大陸母公司的金流連結。實際上，工程師工作成果直接向南芯公司報告，不需回報BIPO，此「以合法掩護非法」的操作，遭主管機關發現並介入偵辦。法務部調查局高雄市調查處今年3月持搜索票，在內湖辦公室查扣南芯名片、快遞標籤、手機與電腦等證物。檢方解讀查扣通訊軟體訊息時，發現張女曾提醒林男：「承租辦公室越低調越好，不要租商辦大樓，台灣風聲鶴唳…3月10幾號時有8家公司都被調查了」，2人私密對話成為關鍵證據。士檢偵查認為，大陸營利事業未經主管機關許可，不得在台從事業務活動，相關規範旨在保障台灣產業發展與國家安全，遂依兩岸人民關係條例予以起訴。熱門賽事、球星動態不漏接    ,https://news.ltn.com.tw/news/society/breakingnews/5259118
